972587
99576
597653
125437
471453
2576
278329
756767
141055
460192
449062
61793
528693
235925
372306
588860
581523
782441
212327
147869
395770
992505
561485
741550
860389
723812
147797
934456
824573
128414
36162
470481
231409
130794
700917
512377
178601
806726
125563
239729
46826
407196
634812
35984
439406
889639
160080
304881
790006
285903
841045
688956
248445
679302
891038
785604
533543
235662
753968
133630
741741
46432
784150
664247
268367
575661
400991
385707
334285
650548
324320
618592
688748
925304
388413
956667
125978
71684
21507
316084
621295
928261
936309
847900
921500
866044
529994
932046
236741
518393
863411
128811
954612
898827
206190
547865
278263
229274
520358
232389
810386
976484
709104
848922
498332
116967
714136
701492
10640
672144
966939
205243
337634
607208
988494
624297
117051
718015
175915
753788
30244
424317
723817
540390
619935
72997
161155
822018
936911
150395
734843
375664
100356
226381
608783
410656
207013
601505
387396
468153
370167
265525
642452
499631
566102
436495
284301
476400
584825
193695
540257
514333
803185
154349
613490
277421
361767
7307
773091
431097
606706
902740
672995
438626
777469
522962
114392
501714
823236
91874
872014
509413
915646
524054
416365
840720
939874
299547
324103
229228
938156
171126
243527
781362
494081
981937
959638
819143
893946
906098
961678
215739
258876
796183
105398
190049
13143
361519
309776
48354
924586
271391
785143
767122
859576
630985
224855
942767
352398
733555
206719
604851
175605
492198
788643
379828
987891
295369
710664
779630
722933
951063
512416
931570
735800
299102
317916
647514
515495
503557
783227
13458
478026
413123
651756
69281
144174
936570
133858
356379
416419
868013
109350
901125
337300
675356
283062
911957
246651
150455
245147
221083
472358
73558
147445
4539
992570
121105
949458
137327
718605
651893
524245
918789
723477
237747
672626
169751
313609
572717
984735
349221
262614
337196
842470
192670
190893
626452
431158
470103
478734
203109
24934
713282
400651
620207
925705
263371
48041
669697
135858
301298
486846
730508
822215
28019
109016
436517
707097
424879
332968
193331
461829
490636
254227
732818
429155
724154
542366
316082
114878
506085
50444
219763
861959
257307
92905
92923
174550
968651
709219
47910
578343
504881
60666
962460
374442
400890
847807
166825
188667
749517
208711
128546
756305
374957
174309
644972
471750
377925
492557
624874
733901
655377
253597
156486
371769
553540
676326
928869
803635
970128
27480
399816
797148
603031
544977
769087
736601
981357
94770
395782
227155
450267
299822
300105
660521
746197
833497
318804
606702
435444
352378
575775
947514
658884
252967
871
437311
625335
674172
129601
183014
176631
647231
977378
249319
715204
358109
383104
998560
956193
587134
663687
364428
747339
13631
803066
983345
526658
501380
642451
242094
555115
527911
184187
248797
600276
525455
854945
4213
336243
990160
386232
749014
616033
601260
759455
711566
178285
465789
34094
737771
906351
917168
347267
949493
93540
188929
866715
608483
927302
752831
676585
906323
301717
681635
483846
213637
101358
783447
406296
464041
568842
353744
559058
727908
779333
949292
672544
770547
889132
362055
105783
84731
217123
480216
95217
826780
678401
778837
111174
552864
387936
211401
139656
393975
351548
420900
65414
91425
280354
74709
571533
875727
583493
920217
97503
526526
94075
47352
504216
465810
331540
935039
277862
59641
839560
242247
921008
508584
395446
49047
959688
406428
770503
500303
144425
471337
696703
952274
159320
867662
713146
170749
222304
432995
359398
55363
772103
152012
103662
353141
124943
906660
167170
179252
523200
618803
184021
586568
281736
756764
729071
759240
617027
939400
540082
771476
75350
39431
195416
419270
191803
565671
302233
550657
476985
202748
43236
162131
403226
708286
317491
555267
439058
764742
636569
438841
968479
1220
118572
78284
163710
220843
108489
69008
76039
766046
196226
858821
922600
424514
914627
681663
706840
866160
612822
291798
872723
956620
587315
75283
931815
296177
350672
843036
846834
483754
450010
239505
465310
336720
556789
90631
692232
836659
342858
179475
632975
410377
589878
73672
559133
142464
195400
638791
407988
888786
632936
70805
280536
988507
519631
41623
603317
358696
382972
794777
898584
462426
402801
20640
704538
295254
162774
616822
900178
95577
141849
121279
425855
752771
807618
239524
431203
710926
517268
919854
132184
989184
476638
192081
65444
382802
127313
979102
25462
549850
984727
158102
333294
588432
885836
818553
682320
518142
312961
204710
874456
188949
869373
985875
245810
531586
880822
89050
524851
324749
791773
227889
142596
472375
394066
983068
315876
496230
72612
346304
238880
487168
764927
320054
2123
894590
991330
883468
732567
835899
412207
826169
218400
704481
398174
677642
84356
676269
589590
545846
174781
77357
226566
752820
356573
244138
552445
26554
706394
257625
664563
885447
712623
728342
836765
747731
232708
462525
853720
769370
233101
747263
20131
439534
886022
59894
80979
975855
604820
140582
924968
394798
659929
154935
517194
945293
964691
864823
140247
689409
138477
483362
948198
705911
408546
747895
876992
912787
96089
950754
627174
660351
626336
377756
450128
305951
267958
924619
842585
486854
704543
774187
141657
164107
454166
764219
820780
104209
488559
165711
727842
350452
772575
944891
320675
939293
889641
63345
233707
154115
89953
791388
317506
906933
802731
769107
130144
789352
689206
307999
706741
702095
852272
615639
674814
555879
224496
935390
835251
376803
835563
985807
9426
141894
684875
433410
331682
421997
445228
256765
749672
15794
207892
353450
67615
39774
416666
524803
255244
372094
234054
498373
908993
823100
297474
338870
975726
946333
27361
895157
379129
152589
886574
862805
37253
534471
762666
551256
573864
541296
936769
69258
937856
237448
599324
379139
160971
752027
357687
830110
884521
10010
284421
597984
894815
944657
148634
999486
236400
895776
638181
927449
674641
656433
557679
883784
470548
893330
713785
469377
978879
165327
848157
811940
411510
956314
638803
523720
457220
445059
127546
577445
890066
586198
16123
948169
163175
991806
390317
557783
524401
901806
324276
10048
996053
765138
731954
295396
314021
69272
402447
509637
989554
785005
275997
884686
682584
190581
899263
328090
235844
434433
132079
169798
851978
706550
724443
196239
840981
327610
331226
53700
451687
542659
967027
453087
879648
244574
251660
906154
820026
90237
735819
588412
157753
586353
76781
601105
665393
391776
51361
280138
177676
481705
38639
588673
312715
53092
200352
417020
181115
570482
293372
353029
244235
457246
954405
39968
904024
873933
231371
524899
512126
813678
73155
692442
328656
572289
577191
233028
773603
530502
583288
264774
107584
668590
659757
598876
765113
240668
630943
36621
812599
801045
603197
849737
947633
466167
294542
485645
978039
443099
95672
791051
969121
560168
374850
366532
666686
880769
940796
165405
832911
741117
329967
978603
943333
317464
831403
915318
284710
949374
378205
729262
314954
652295
363679
999031
408699
109339
136811
702409
751340
563598
981971
152346
909477
166493
66647
563724
394137
42027
659941
943921
836052
257259
295226
436828
872558
767015
372270
193701
23020
807985
108747
979793
602235
381839
227160
227093
365544
111249
752184
678945
945793
298749
461228
556714
960708
573835
640386
608015
985599
925986
662
533485
471403
914726
549328
261592
578244
825473
286731
307966
819779
988769
455586
290282
928267
391222
456600
268467
542567
59330
892197
104260
752595
218038
925867
934498
990819
392433
741771
64699
92063
854278
916439
787112
698949
943338
600580
881370
37936
617056
366488
545337
82537
186624
850029
176935
921317
259296
693779
161938
22003
331054
372250
864186
356360
154896
475187
69735
943956
684822
853377
804304
422856
956748
87995
434181
31392
66640
46920
276196
17681
612960
571270
834880
876010
837545
333326
210908
575177
99775
882058
580676
166378
464266
545938
22168
432129
939427
17547
416272
538861
610410
640050
278110
982739
345389
82203
258299
887371
685882
471643
222497
903964
444429
426943
756011
172802
152260
229150
326534
623896
382562
239856
634637
613976
240764
817123
375654
51625
528089
724219
573563
816637
339825
84468
655253
220324
52795
631166
155236
264186
735154
953848
644180
414408
332713
910237
160915
571850
203394
633831
583493
340649
538568
321323
993826
179041
234883
723870
545737
540686
363955
658162
385849
14697
994890
435869
790814
839456
125083
190910
333320
877920
141592
503398
132819
975265
692595
351427
887594
9225
509168
13451
920915
354358
457823
448306
868114
791115
752445
511911
115396
250473
149824
366716
70149
16999
446834
521843
732760
254745
74796
422178
124263
709916
101009
589790
952381
384744
588760
538389
649177
883212
337461
283863
747856
360500
548925
310536
934073
167746
445481
906024
790864
198817
462123
344210
263444
896286
435617
422593
90211
114823
53122
117530
870181
986652
588717
387966
419276
823133
324184
391030
540150
585328
299735
542790
346773
570821
189697
319396
612979
637070
621903
119541
482300
866565
674859
307960
296792
251496
200962
108553
631375
778129
151060
374863
135169
666148
180487
192772
720907
798943
904356
370357
456019
45188
746446
412491
377932
730537
995662
637196
957444
672993
327065
690152
540724
746821
323382
884826
139036
269502
848864
474009
425751
944254
857469
138047
29692
865641
761321
943555
147320
264435
644531
627498
532594
211320
686792
900865
106449
208135
943901
198200
703955
541473
840307
513095
813951
463833
260069
27858
801193
498219
738847
419045
567754
920272
167579
660444
951175
829459
92736
626381
890947
841055
707551
198249
752212
57299
914909
27980
340501
166979
880431
324651
883283
346587
831696
678474
481228
363760
959049
88764
231781
672426
122712
948426
74265
807149
995364
205140
260618
103328
93200
96383
250635
252529
954629
349226
96195
421563
417743
161336
819712
729251
989788
257137
781054
989164
774973
232258
793397
155826
129452
592802
186498
50668
335150
224415
112745
998672
866144
237899
461879
199119
702699
902951
617294
859941
321450
997837
427221
360347
547141
422130
277583
242789
433886
368728
267182
706763
30702
302047
315643
942346
214910
259524
184725
10305
448642
715868
599620
274790
496504
883710
367048
370635
159203
92555
149281
850133
918020
739416
814153
508810
811565
747634
946710
146696
777824
684298
304996
197605
507428
632222
691533
206719
603898
429174
891948
919361
59
997953
53728
5757
871332
436266
221011
42769
647517
304152
646623
169903
866198
381201
864595
648913
248689
390197
585210
484524
593213
171823
945732
719996
899642
385141
273074
232578
787810
654181
115574
591283
29370
459107
765530
820668
461240
327623
691461
847307
702700
45068
378458
752547
515755
353230
50464
674946
739164
499259
119010
568779
597487
305935
879108
324952
380083
422053
800928
481258
779022
199724
393360
93635
939731
878323
94615
42531
413943
640961
712330
456438
192987
63860
182545
504091
470134
674350
607594
461777
449203
355260
206614
523120
363937
569197
869425
930424
809724
485973
69185
117804
843238
539363
361563
574708
420534
675923
292275
243174
757981
440242
661663
847562
585891
360572
406514
656143
855728
660167
915451
163777
396794
555459
910991
87412
20432
230207
134992
162740
918443
135245
80760
650121
474052
458793
510475
662313
237189
187672
410131
464312
490575
350161
88489
341875
587023
959711
904862
890808
629809
216677
940957
853355
465732
157446
414569
103763
228011
702214
377451
939148
440461
402629
969723
118245
266901
41425
197127
260514
982504
471651
220942
909929
69166
963916
127040
551034
867206
325018
153173
258251
976666
602704
418827
181254
693342
382972
483929
460166
1324
960391
321969
904345
642217
409258
886515
744195
297698
104804
127757
787347
196195
307009
787662
877203
263488
426751
66998
553839
537168
845139
936375
309061
908168
105650
856466
703019
694620
897192
407983
738711
207748
664746
744137
577446
799593
334917
911217
699107
772210
710205
652399
707554
445619
196453
677578
18555
469784
838170
251308
492248
166883
46056
926124
603933
141471
204473
516488
687023
850588
638469
210469
554948
790476
288775
104003
451719
97139
597884
420977
89655
286834
174181
680361
205874
654933
526328
705639
746236
808891
333956
329311
411105
113733
391595
565846
544175
177158
830155
235774
635584
847486
455363
275572
214259
137777
381309
946672
91400
881354
888416
850312
776523
571397
719289
760604
876105
355370
127674
290100
378025
395638
775654
166908
121332
845675
307636
670263
22239
132773
910121
741887
128503
953117
920550
304238
530068
743103
187005
923155
963520
89824
888911
772228
611240
852129
132896
308651
89833
951590
757324
305546
670327
337002
434187
30670
294961
792606
428829
958290
273268
472823
373763
267787
390360
654423
68260
405588
909159
544323
384072
487102
243554
196493
234870
956511
222200
14147
682322
228181
902686
458063
871547
417649
884129
61149
835519
146764
487155
286279
36843
489742
818180
414994
928413
535748
377744
881145
724910
809452
505620
274770
511577
8097
859316
735847
536974
771005
574026
873836
268632
615674
125867
653010
79200
161165
167209
8772
56505
419787
330286
314392
419027
292413
790769
631813
793213
497294
963626
968503
706575
480187
571279
699709
284646
970851
991746
827224
722771
697035
737666
590510
425838
31755
693231
323017
631880
970104
659966
241673
891376
601100
191510
487223
120470
690170
137944
87199
802625
50204
851462
173925
662663
456714
375349
494994
909012
955503
276708
383234
299391
6254
680394
898955
843055
427216
758603
787443
632855
927383
671451
477899
186326
414576
413029
666190
779587
288622
559116
73416
853195
203503
126329
357079
439
540053
752902
678895
989638
651131
982843
54717
533229
435963
184914
189201
850979
408983
476487
110860
417735
803429
414006
97442
887410
879497
888327
413720
423744
50235
185875
382330
699620
810593
927508
426635
720342
25925
180349
379912
663399
344040
488086
559242
673497
543002
380664
131492
201388
684238
206127
41458
389617
292175
859417
599374
466658
955438
69747
882272
762530
403286
965219
187542
972048
271708
636630
292718
188697
81472
348793
467214
454114
70187
287330
617683
444988
387055
440318
649046
621599
277698
195299
287147
453231
476223
570135
442875
514889
253987
329835
945684
965484
944658
717600
531473
553830
914471
471654
413676
741297
180098
162603
725352
610735
275973
307026
63925
210595
518691
649195
961975
316401
919577
387056
370681
791010
288110
397961
256289
767232
509598
558983
692287
828684
693880
769202
103757
403463
262007
369312
328636
365031
491088
819892
899564
568085
840468
340204
672093
422105
619264
260050
993473
53756
377270
900459
836424
987462
600455
271525
742659
625743
646213
167838
94638
457346
91055
482220
309324
867108
111958
209387
19316
613077
461021
517709
405732
364992
99932
604182
766014
393396
703043
276595
152268
196841
108640
171960
469862
193844
679700
617919
629854
556812
966840
208654
388167
906926
975057
730505
285248
506027
690005
495577
706590
345700
512479
324898
196535
908915
390354
646736
879394
716568
596391
923209
249811
134170
576062
502071
223518
435065
831108
732748
560725
249388
183169
765352
502126
273240
384065
895293
120009
874905
986047
206554
692537
85195
980183
315411
878498
598707
281120
314122
112372
72771
50556
962831
372388
419495
274387
589048
459799
357057
701088
355478
468030
360132
148117
675403
71208
532477
589367
697380
59220
9166
948403
564308
851310
991276
670197
235165
64378
864855
212982
409438
300192
811529
395384
377063
295138
127062
377329
996304
775075
693523
311621
235250
137116
483666
245061
915253
179159
882434
949724
37654
121368
713762
161148
872302
23276
473565
960641
675609
802726
135696
176085
15220
807003
598495
398351
988436
930646
772057
329544
494063
175954
127932
393612
913799
748856
139663
42217
433733
717388
753670
871900
461123
203223
758320
524195
864298
627589
304413
360249
153543
34544
118130
274993
890186
937497
772224
373778
109142
953465
151041
384530
754081
202997
875529
245667
193287
310496
924952
956686
284369
49586
65742
414336
692320
68201
510659
127833
409927
154144
998695
601244
956178
279742
591083
618044
4344
358485
318945
774976
669713
239208
209330
419305
753008
6527
467938
220246
114469
637115
189280
826263
316763
761989
119478
305008
90158
248060
216099
37498
86519
424773
146650
91460
121873
378432
597025
24189
300645
522977
500413
539908
975767
471225
720109
844816
981841
191073
407673
866303
555867
630519
306694
800838
78622
561012
255216
442755
692028
917224
859686
30856
156551
627003
831373
811631
626856
203807
451873
192752
787694
753209
361033
23802
41950
530970
40247
816646
45536
523128
180404
300345
49142
579546
471179
187081
358321
982551
30273
711987
145306
703917
633826
387103
113899
447272
207250
806893
197102
82937
26404
865991
616
277641
615859
700955
841280
350487
923747
275105
974416
477303
954992
712712
673590
126733
197994
449994
284637
19017
935270
983404
32290
624887
175572
232978
892029
335308
685844
857107
820859
233556
333011
596631
107112
136329
900144
654552
33452
751614
466959
280794
786729
878587
732968
315687
851388
594216
810520
317710
875042
325257
917332
711924
60369
11000
329256
440848
727393
760621
689804
555498
347702
284761
59032
292652
62734
33541
11723
840155
188633
591797
846259
453389
669886
668565
492853
919727
142484
582097
427967
25997
225638
338881
486031
319088
93773
869433
450585
33961
314309
435734
129972
989242
936548
607728
957199
105986
639629
239989
131485
960103
302038
712700
700866
754665
768032
871979
141697
555521
279779
521347
177360
424408
895888
732907
615168
350969
827396
549978
256682
171173
434060
680157
720758
759771
546052
829408
66720
40634
797007
743996
90136
989298
159464
314576
879045
677995
869252
972812
243200
126686
679006
465489
91343
345959
942255
34261
48067
293283
761768
769824
432052
459797
353075
913247
673966
304109
938260
479268
497637
829171
407288
67552
144004
405627
593994
545878
705919
756124
931952
880765
394104
435799
716059
53522
372091
275161
879730
491473
664857
709112
95026
643091
872947
735928
671640
485267
333657
872798
831412
623873
455354
679484
395545
610903
459852
462721
61660
87769
901383
312203
315803
849843
458099
636957
963066
902530
506310
329356
859977
794932
886909
628741
28314
754400
609166
960947
4445
50788
539406
54319
948936
293347
804873
461809
920948
448896
570758
26849
211323
454216
311590
539865
381906
171851
139250
755822
138471
390009
133836
17678
642121
278449
153208
73378
950637
211013
440870
113704
819878
966082
306092
701380
265738
106859
762398
570852
249322
483749
796970
469509
144277
948061
523444
400328
752534
82883
702469
220331
682763
603138
693768
924373
365581
892189
422378
802804
773640
810175
961782
586943
87933
481022
113425
414975
556569
167276
616418
389595
178558
70836
644100
996045
142763
689274
698306
298124
554415
685200
743294
465578
806980
702502
574436
250797
853255
761745
447882
487327
268406
816765
515604
448695
421454
830966
406536
974426
262950
724472
614564
64722
869887
213362
475173
93064
401962
77101
495336
773431
316840
352287
176807
51018
635095
404607
741562
813517
716738
516261
421743
349552
245098
114027
324635
983066
947488
871187
491762
194281
88524
421049
734109
592904
407941
123933
589006
19106
940643
590794
977704
948690
199489
560501
101568
475889
440085
932977
112285
71856
23252
305329
814069
446058
642846
116759
163475
772051
92725
485298
819949
607106
415286
834033
365403
278046
157854
946042
871488
422091
682555
265654
526672
961604
23686
479701
541828
390744
404744
806565
844577
934200
406737
155296
311766
134400
535242
478846
29676
817452
890064
583565
350710
576038
235097
250984
876853
246285
312384
113533
26275
25410
672876
376034
676844
103592
971656
323802
370745
630346
521644
369449
159361
287644
498658
408481
738076
622961
816340
326496
617246
372151
826198
871448
84464
356837
446479
40895
204616
654819
579875
968150
795444
992748
690636
326939
387017
539523
318170
837059
462686
16252
765360
399909
215716
614158
901200
796315
415717
883365
502060
7035
547717
734430
440199
182974
374260
976132
87815
518212
724433
630520
438775
593451
288995
508004
678158
588497
966909
821706
954218
543909
798553
860892
67306
488290
898230
615421
761210
260818
651153
657202
597234
811890
966419
140613
569130
440108
914039
216578
842851
740668
658751
21767
994887
399067
561637
772664
613066
484140
846619
828712
547379
911602
281487
343514
224274
619352
540963
110624
255122
734341
583665
923986
128645
984794
966045
782219
762183
100681
731452
676371
288455
199022
867625
445710
393562
63171
610014
893367
284847
495245
89012
703788
247378
441453
307451
673737
174905
226501
481950
663472
810917
970056
204062
997998
431362
397007
681200
813905
85528
392174
210626
329125
417456
565607
845569
138958
812187
742356
601339
249867
759123
276087
165993
120812
792260
998706
162366
473121
292959
933043
634585
253087
169661
353697
523488
848665
955676
462482
896838
94182
973272
19321
503328
853425
576134
10725
398640
457498
968564
534036
792663
455834
788355
224761
35270
446025
339766
696259
201107
719118
828607
52057
212509
800952
989788
978446
372416
560329
362938
879628
590746
991162
210872
798979
309495
110400
724042
695872
135501
12886
952036
71587
914009
968384
733156
22997
749059
556844
291554
824589
361828
52600
352959
644316
588819
135134
939516
176445
280638
502594
426180
271010
293276
952499
287296
58312
628385
373419
823597
17683
624375
250453
850255
726709
724338
413911
753562
116497
417185
582800
456701
55396
867029
54131
228731
806890
926595
176901
76864
369740
236988
40301
221713
57581
336050
2848
485043
367842
848152
514402
275494
529785
704999
124712
116905
688149
261214
535838
969024
758603
612104
696418
739913
435410
563253
948258
784916
177142
456300
136939
64673
173807
440927
71836
119996
353329
44197
505263
225344
629003
659397
360346
609983
228368
498992
109498
916392
732444
675842
452753
752762
75294
382708
423739
847634
921740
202405
402877
897831
565450
342643
244615
588948
854786
392346
234097
985441
617908
423151
226329
848684
908018
536631
814110
211871
432805
251123
540939
119038
858233
340973
540209
245619
700482
332162
882364
953147
631381
819808
540406
537598
472811
849275
99184
798882
913032
509285
453722
157757
201466
581007
505297
210671
381209
724069
304103
526789
598841
529796
901796
622733
195096
853458
125809
882489
71964
47213
909702
475024
886264
904290
954458
583653
672248
560757
283423
934715
528383
101331
835145
703488
230238
612378
450492
963550
674197
544038
68705
825132
704338
950560
787755
269209
371223
925580
753156
290674
392249
740256
733529
899066
155603
178138
653700
145433
270939
344212
904379
447096
977007
209050
93081
105333
709655
722016
889894
690981
494970
944327
622763
991683
676914
387616
889061
418533
113236
282555
343508
336659
171049
304921
97132
251038
961078
495826
713739
656051
421928
754470
339434
270196
427943
951929
262193
406403
204194
72983
282837
887234
903210
803719
815514
319731
958050
194060
61553
733711
675976
753597
460681
925081
554751
291778
695621
434073
913955
439482
287347
63665
799658
793282
653950
230458
332858
462056
830463
220019
720460
819026
24535
337697
165510
807418
402163
655397
863526
554293
790094
650821
148228
156485
252535
840014
941560
355726
806694
241834
253202
181151
307939
602673
130398
894548
855078
640882
17845
396524
558806
569637
815580
997314
82535
771035
203547
252018
614461
184834
542009
673766
672636
171784
637966
287633
506205
103648
210530
161245
91729
956253
403580
748475
402870
557848
411401
591059
465739
250174
239965
562112
101946
101056
171826
22092
81446
387575
728173
775947
527101
556682
356142
893351
646660
639098
868807
501834
214635
951196
638357
263071
993594
321686
468479
957622
957971
322715
917244
145359
931463
702381
814330
233396
496481
637915
973607
722392
618622
477139
378109
707103
905147
63399
637273
344368
563865
70619
11558
806165
826941
591891
387976
978009
128858
321598
362425
785672
873217
854111
89944
615186
527903
680352
713398
475786
157888
913202
307084
439465
828418
429835
884234
696471
27652
458775
526676
60456
763730
712859
423919
131968
821509
803342
751119
11199
124560
796782
32207
918099
720584
745027
132031
286622
779677
798558
988209
171641
835484
649163
445953
883296
998218
961926
738114
307679
734919
157072
525649
169491
146423
325213
962256
622374
973299
689310
504661
516763
748259
992219
75324
971890
129930
527072
442529
386929
199669
396477
655152
33335
238262
699887
145652
951607
402545
767587
137874
733521
735152
563389
863739
346525
391730
365717
292177
991492
312979
267953
97331
361762
31206
143370
964771
265852
955351
502318
857299
278843
444577
971967
31091
678959
345482
992209
434265
259457
115821
942271
866336
920254
963860
97433
567397
130428
636376
514502
271902
984791
943560
778672
911372
614558
537638
491141
479533
414867
596051
798728
669675
457937
995797
475461
562719
265040
186616
390647
352599
617250
45898
341
449741
415082
891441
361115
200363
415609
911798
680951
10276
720595
348470
574281
103223
414595
754162
762945
463716
763014
634776
65429
278846
79145
613217
763773
280150
362374
629211
595605
753962
321310
183715
334302
264794
198708
597560
891683
593541
149451
98875
583452
292410
628131
10167
465001
606957
657109
832142
861367
579938
846742
956314
615919
547251
301241
758267
461453
909247
347069
7760
862459
188991
555712
780033
274259
182962
16433
511004
489402
957120
952225
622589
299264
447640
380049
654318
697573
305293
483758
698248
582744
589743
146393
185670
583073
59052
486357
712222
949143
432857
785912
220499
259283
126289
520311
160287
84890
836389
321831
909743
714101
913750
764309
666636
423801
211234
865217
181351
30687
75869
226149
875067
714855
954372
880557
56612
521307
944933
812008
967640
391619
114619
389982
911691
545286
721804
899526
250756
21025
945142
163251
144868
739634
406276
384320
515259
889056
144783
730734
14387
191969
916113
177968
255313
570032
649230
329679
123650
679257
150829
138337
678358
623976
358870
316265
778245
151232
764259
952693
74992
628083
281701
765355
923366
115486
704297
690760
841572
176646
588620
622292
672637
458720
458900
930771
833404
721889
869682
193437
154719
745057
991769
306227
58760
226063
718146
978776
162940
99705
107399
440514
650834
565686
383889
947480
419045
464950
965145
336546
971130
949042
906838
930180
829304
180672
341410
596237
331164
715498
621402
864687
892815
660392
990862
523106
318836
24296
898416
219406
942605
420164
872031
529236
632076
59434
163497
725190
258071
20553
3996
473256
71704
96186
255422
904753
290298
7986
633119
347464
724132
661571
747698
579354
861734
119276
796859
253801
288180
244515
211278
711446
34254
763961
496816
891815
363564
283386
122207
808943
570241
643238
917963
852398
587437
445501
419924
790410
438136
286594
770640
116597
457038
28845
21238
527538
794506
934903
366077
591839
69732
225077
759299
734795
228380
264561
438556
662854
543753
709360
886441
134834
167327
555476
705497
434415
125328
992254
643668
217443
43549
551551
6735
144352
521064
552963
375332
465868
615515
152937
114043
746110
935520
805913
213823
265493
816600
232888
925330
302797
308076
804703
371301
280199
599265
15400
700066
651246
155954
184839
337129
522148
935062
694601
344357
482144
6328
408265
264863
21976
82428
555223
490620
303718
521125
368348
100770
487135
457721
745268
538033
60946
453489
948979
312796
915951
948251
693554
119739
317604
812818
490674
344109
856070
581746
204148
943711
271525
839924
489874
40200
187156
685447
928025
974236
508119
423714
761676
641578
147155
124486
597663
460841
363708
418096
860818
863678
687419
505425
471216
62851
661103
969570
426461
198368
531434
926279
401525
633222
73142
475836
853567
348231
970083
173070
825797
157961
229255
739889
174286
335414
342225
87665
229985
693094
946841
546446
20226
314051
720728
776843
809567
189501
689850
724400
196218
678798
986861
381552
100338
498577
840691
997813
321021
174607
57747
574990
705301
260856
537493
55165
896532
1489
733546
185086
569357
799920
133156
241169
494639
226803
362665
371471
504320
884635
188979
319099
686790
679861
754799
512200
68100
167811
135931
656992
137477
401002
346796
398685
70059
11160
715075
679220
694971
801745
559197
194744
367068
82245
663533
457703
843819
248184
171168
422525
692245
887161
742051
601416
821610
753650
675689
721867
62483
84178
471148
734599
297594
467461
733610
748494
995187
162700
899082
330267
271923
207982
874836
249003
234784
900954
473208
593485
437513
338217
385390
644923
371927
843866
294299
483177
793741
348200
846450
291583
786881
244618
951587
832150
177291
619030
914658
955822
794836
917634
472659
544302
174695
733175
404135
311994
473925
848715
306648
547549
267017
824324
74264
743978
628681
58680
896814
999599
407423
240520
874781
840798
845769
35589
164084
158271
164520
291125
836244
864046
453259
794909
141308
317438
554581
60045
43423
130382
974445
757233
103397
339585
929842
232723
330279
236429
221585
833192
480177
289440
704955
367542
527641
574496
597747
292430
518521
880781
447695
453221
492731
947704
980925
868770
584585
931593
455822
910220
362747
368253
564811
298855
991474
540146
104954
744087
86574
574691
19312
278350
107712
310421
925570
820862
372262
880036
204509
243588
249761
351105
395451
708249
491032
558840
655528
250247
868217
47410
629277
601447
400759
965347
172178
105236
788164
531260
286936
446516
994811
795420
536741
179231
943067
702958
997287
287450
308405
208569
532519
124861
1547
162507
81527
715015
641936
403454
658462
414514
271391
505319
962111
77989
29818
549641
517190
35920
882960
794813
263639
262333
127806
935654
801009
348246
707879
964956
346314
776174
96097
113250
252551
675960
299069
276905
399750
815286
708876
779221
456543
572634
371201
162071
367013
344305
667577
901660
166643
849033
710767
597944
811659
896544
865991
520109
959554
383698
925662
548669
459327
939735
900969
692077
551330
98581
320079
333262
935840
525489
845585
226979
60698
628185
916673
85373
384313
315727
376136
806372
492223
707066
747994
712746
102309
368793
437552
483526
943098
589453
518791
225265
93256
456387
165322
190293
737706
537160
253736
169309
239558
919107
181710
810896
87009
608500
265058
230625
728449
404108
799398
617592
124797
143572
975796
640211
541960
990982
139976
352882
484030
335201
999118
523769
812581
314365
642706
849797
265524
734757
240302
936492
174223
398097
659316
529322
934454
992403
377161
605205
117294
743161
515067
949535
769676
476151
442052
338715
314150
518782
94620
316531
989171
251683
964594
953815
439919
434286
769949
967183
777675
429906
892055
181985
224061
365479
529084
184448
302532
216494
308474
160621
349375
392000
701551
903466
12446
633856
829720
924999
926385
354217
234154
606662
348088
551412
473477
412468
22919
871045
188694
344502
168649
653571
724095
253666
767870
471109
975806
811302
730254
561775
936712
866537
578544
646776
532964
816391
762804
313512
661236
731343
127473
370765
695601
717763
794636
701550
725170
981975
740466
478926
617229
518012
477573
191031
391379
129241
840565
774304
543267
857840
102712
20973
887643
540693
930947
898320
454515
941536
114503
655138
678285
44283
486458
928901
55332
875762
928902
237307
562937
271016
409547
77755
497054
49013
169209
540675
511834
581548
220133
423535
469913
735923
569741
2796
42485
262325
318600
472659
390546
511465
302910
872986
883734
710388
416971
911058
262116
866686
721893
794495
613172
710014
150192
749451
392945
307472
867368
996205
4267
30846
362363
324226
380838
489070
307398
344681
283590
735019
28161
374854
144842
219410
11257
561096
688466
46050
377131
322586
789309
835997
925698
301806
637137
37763
839406
854571
173233
284160
777283
291952
89155
223328
300570
217746
662839
372837
711777
577191
587602
267675
929776
477502
567181
973393
401473
76908
347964
374146
703845
166254
945503
448215
581721
303148
729512
458983
714699
378901
243787
213148
523746
497
297272
593016
575915
682802
246339
254363
92391
234162
710121
349504
226096
905486
401848
870361
25898
818111
674707
543591
275080
365208
456720
950251
797846
588530
614074
899182
48866
440626
618910
590725
196708
65944
113565
209825
150151
333982
374368
657122
640241
142647
105678
60555
959103
945382
654866
16163
883044
845006
45304
848804
912559
767093
420609
978450
266777
671235
270924
973656
319040
872083
444883
222362
708513
915666
83773
300804
464605
389870
87854
21736
875675
326266
457054
565379
893256
752550
363679
391929
874561
383567
632076
785576
953604
797210
853660
310527
528475
759686
900935
247110
768359
15812
250794
492920
481722
48517
729364
960777
757779
445220
949201
885876
249304
513101
8048
69949
45576
206385
848910
184193
177546
396720
272465
838966
629690
946349
561473
85768
190800
294064
592759
229577
535912
545213
604068
556734
250600
135867
478391
389703
479546
893160
961496
975471
826387
818085
87656
222679
586941
946498
807905
816839
429365
918835
330231
216855
357074
883062
575728
840446
552687
670341
157024
228225
913684
559844
603610
665390
672133
925195
198330
238062
159116
652330
518531
435129
369583
188689
66591
680584
56677
718721
795754
811575
855723
517149
567323
922578
391572
318518
713692
233297
572011
458800
131247
325775
511651
415303
537198
619156
941867
245283
363639
491167
620291
565280
406618
643466
856836
39954
330380
343019
673689
240989
958111
309985
857456
237842
786887
407113
919332
771384
93873
494570
881660
458491
834676
390975
775028
92636
896340
726193
611725
145912
370138
784329
141918
806830
804799
539093
167014
481659
775335
390140
815606
75256
245062
309105
5998
438861
492602
592297
69414
204564
760566
491962
984845
556441
229742
573898
52563
844687
815156
801868
590331
112723
22209
131750
682964
914603
36687
253961
219901
278685
106616
142589
522784
16302
863233
100026
575396
967570
140424
775742
14752
607280
303269
154247
673127
713494
742738
731952
964146
612500
457396
500528
458299
61063
173083
345748
752604
265150
948616
812541
571418
221615
321670
947361
385714
339532
68095
31510
9414
886291
992821
11550
878028
373658
574369
914526
786782
944844
819254
942793
36242
507001
34333
715530
106387
291736
111859
713508
711879
584517
995828
789004
606482
501375
208305
737092
756127
896329
996806
151115
597663
376021
529328
461875
140076
925061
247549
719768
770300
103163
198090
902889
400531
583341
764494
811480
343024
128692
413888
81672
969009
283024
787858
460029
131558
83799
990505
978673
719824
237939
310489
357388
378196
41391
508952
623972
592038
350508
255059
249593
534656
170092
282879
124789
368928
798693
644774
777993
808825
678691
866806
501392
459947
694465
332243
512733
224152
975418
816912
242404
914223
932848
458089
873504
585827
721828
52824
179047
481727
38079
273066
750774
866644
577462
120387
427087
629944
603849
405718
479533
265140
842356
60668
290892
287789
708739
214965
637552
974629
622075
452365
66565
651636
336303
385553
303261
134572
124300
723338
396013
856644
161414
362491
257114
776601
636091
256936
850410
762859
894649
772002
888086
120575
932223
214430
570188
777365
692850
416231
707594
92174
554329
482452
759636
647242
182838
683164
515713
95545
464369
131998
472050
46927
872785
699141
681676
956449
255465
138940
338715
135803
863117
398779
836459
834539
243614
840049
916237
665659
558226
204339
718140
577243
643199
930897
694273
407626
550258
197545
852664
654189
861254
61437
954449
810149
907790
965312
165230
717132
275327
434479
547830
918800
164404
621503
568679
400584
668105
446989
757286
345131
528780
315669
813769
171265
224760
193538
366796
247469
53293
975428
692196
99818
497707
533623
110985
398191
444264
989729
120587
279897
385414
604161
928386
60919
203660
265757
830409
91842
845179
738623
890695
928343
169629
119692
317655
702573
424860
771060
440795
149142
608287
736700
376226
727518
461547
363404
481853
18861
263434
908472
444523
641833
625900
897908
685036
97945
828522
70704
780909
488114
780183
704449
871504
525874
803972
76186
36444
747647
117676
693717
249394
675486
938399
912824
294423
184836
239333
115676
587728
450695
343363
389839
912784
638035
73918
885583
822469
66432
129108
135804
212208
511894
2950
880173
769844
229790
529523
614368
279065
895114
68800
318149
369281
418934
689417
438481
633563
390945
636706
194792
63775
428150
142644
217683
14608
543831
368773
272663
336808
953056
312864
685229
946867
451153
662949
408390
727176
741042
483345
311759
989409
376019
806260
515077
218637
33804
708105
166741
489908
216577
111873
701521
748627
614209
455343
389470
316937
949411
398632
340640
13147
162721
944905
267432
912128
968150
974012
249615
468265
375723
137098
576620
3878
5828
872159
605839
942463
13149
797290
599400
37311
497920
171692
230628
266539
323931
262259
898891
98530
474297
204398
174943
636443
604939
768039
131657
998077
203549
139595
678950
618657
980911
80831
7788
28119
290775
818809
821856
555990
990189
195098
280838
565546
817299
737392
515031
314081
973220
345845
153110
199437
236399
950839
968969
507953
744886
447935
28930
251457
83368
666954
89768
598302
9262
596600
723995
688068
375676
447894
981342
33123
987480
685096
328057
841742
500817
393574
711410
232541
140967
455850
980062
840428
183200
803675
470098
762636
666677
544598
452989
818025
668075
105921
174753
984830
187776
549240
51155
986427
16150
386699
182461
114365
488837
316227
485543
776960
247118
385570
474996
367045
304979
253814
113598
412060
468473
509084
376390
805789
181178
817012
223581
789581
163003
148248
771298
184235
93144
986020
212608
875139
757879
926801
191614
256681
926349
363093
716590
104391
901701
541205
303175
762951
699644
185070
195725
207080
528900
647995
580101
701842
662963
538344
134014
896400
274901
344540
898091
795847
958375
168430
276209
320817
93257
806545
791313
573671
563169
787222
366526
670323
634531
355448
865804
163285
420007
459777
521086
997284
784666
767188
991499
829822
151154
885915
357681
303754
648825
544646
731231
312527
744934
920795
445313
683497
595942
30401
862526
953476
897591
565221
385621
105097
344093
550756
598191
776304
858509
913404
841297
510054
917571
307741
371377
407063
975885
984341
998740
368335
436152
667013
57600
787100
864551
821939
32639
775383
257971
598616
965729
9689
426830
488385
795724
16979
708716
121763
640109
95946
511980
180870
752751
606604
806679
955661
378702
945459
780144
435043
26044
763333
739826
348185
20056
589301
785842
832041
696782
741781
265283
424281
294310
233330
248768
328036
726825
716017
168536
384144
370126
838989
806236
393494
515703
549147
746839
462774
614951
229865
741760
407108
51383
935506
853464
352118
943502
593609
887329
972252
488107
188921
386094
714641
609204
35336
714940
17772
371246
499348
125976
77448
723101
985400
30684
412855
962143
508533
568495
716971
981843
739915
733123
736547
854713
873916
753518
536635
895281
777157
352772
554841
160167
880563
734383
757932
988065
479498
772337
852231
616553
813785
494518
176307
215252
508024
721441
661113
918231
72615
796336
958791
787668
516131
522159
920269
504311
660164
924915
152885
171273
340461
56654
573689
760737
693513
451095
444420
292217
538455
24549
178541
727598
446307
838403
657451
393080
872287
17669
983289
989371
350340
493758
944967
288187
701990
360098
249920
698834
658912
641
745929
921480
784402
953670
856294
742412
46904
924296
165624
66724
57311
888510
817126
915106
735117
809134
583935
484709
688138
931911
345200
230940
786453
646717
582944
216786
481668
432299
660398
983788
504762
426806
658639
76205
318025
192147
651867
958247
310300
555286
444552
864149
283060
706588
395220
877595
433525
881960
145854
280075
352124
335103
570273
656586
548895
988725
518429
514108
245889
761199
240657
257684
56697
940254
257207
99456
943095
841569
47299
560974
971704
627798
115887
702431
133940
361855
128105
195982
387026
977708
747056
905331
549332
532995
29922
972041
782550
940151
499845
78949
850744
608494
783522
702546
474740
877563
144504
912954
901152
402762
479754
893777
361039
421531
329308
709069
514961
94578
383503
162767
479924
177381
87846
520063
656104
425753
57645
422531
122450
670591
988895
475805
616667
836738
29110
912442
665911
214326
193762
563795
564198
847824
97516
910125
650856
981437
565545
535472
647800
355706
31339
783827
218930
257205
825777
336449
154899
497227
381809
397366
992373
282751
309678
753751
500940
440280
813619
592288
360399
75912
641110
933448
196003
350221
63021
571082
835936
338730
446127
235639
923811
297415
294912
9262
761820
478497
250606
839575
903701
271558
185518
459073
328562
663626
191903
147255
432082
892267
888844
901427
520359
906794
956747
394901
981945
536916
924747
906722
681053
126605
877704
351814
276982
675674
577081
491173
687610
37068
810347
85431
602870
122279
980432
299842
885573
312482
712854
669279
292292
816977
290957
671418
811140
856162
767058
40274
561009
118811
766081
582177
428793
927299
446280
92444
219031
85968
729112
476349
645784
161146
271294
957091
681878
394436
990481
124601
87330
71104
589196
875717
454702
4930
332778
780846
330929
624109
976289
650291
927966
807918
598679
181966
19300
972033
173635
596965
80079
174414
715624
456483
502295
344977
170859
510005
849102
990101
548367
182363
741538
391062
807172
929426
231064
753360
254951
458448
158630
49846
708523
498711
335079
606220
922805
917641
309100
59411
48402
522725
969272
694118
770997
271604
651992
882308
304436
962561
650412
216476
630983
80745
906036
796288
519591
285213
706337
940261
139882
781410
89688
131439
148623
381264
479297
685542
39232
895434
906622
577525
232850
705935
833352
27589
327646
478138
76477
296555
44040
162138
404586
795776
882287
62873
47920
705618
235794
453958
822233
154028
12769
617058
297875
410713
120986
985702
259264
125964
713071
825361
928557
929642
724000
599759
638453
632625
643812
897556
866008
770279
324118
13440
27774
106476
310386
177302
139141
437714
560635
448178
499165
691230
390377
179212
838136
698214
127017
498498
363344
29195
730343
329118
656576
884928
3210
352935
707706
119727
280721
475691
105661
418332
58325
756647
893603
473047
494898
811495
369095
273829
98102
651603
733647
311547
546227
535703
395272
93896
824543
556307
183846
686722
639313
722290
611084
616283
153687
300451
748937
636253
776555
309498
27912
246025
463209
512544
206147
656633
722274
594752
782010
13920
470243
401139
55185
323855
938536
204170
928477
244980
291141
366936
625009
849684
391348
1842
933551
445049
967527
440311
28782
378812
34059
197246
631597
620691
828575
755467
737701
797957
694812
424832
464718
157741
170184
190766
854167
124258
518981
101374
76053
37666
110467
896519
506916
799234
222409
888851
334895
942025
507973
210458
108896
773000
139489
616551
733912
475512
534930
742275
599537
138564
267316
478396
626490
599080
477111
714700
684443
434268
733549
884397
629620
419019
876534
109613
710488
749372
432554
745338
510476
194638
172688
173405
475312
742497
629111
850109
397096
345530
931424
333017
330151
435976
34801
408568
584987
506908
659848
418674
224695
914635
797837
49384
672779
50481
216912
104444
679134
365280
437330
268657
90521
187741
553498
501840
268478
124993
591244
270113
79740
692573
882030
869585
99348
363973
36214
5039
673090
398060
581583
26415
387129
283651
230864
526800
595978
680402
482825
90208
744357
465355
752461
731681
447166
414430
535359
549913
705083
222243
51270
241572
253700
470870
682328
981502
314792
276958
674471
425942
255376
997624
433061
577168
191456
386820
871802
703807
77354
84249
589265
944356
570894
165247
426123
10236
475073
421836
698691
801399
337856
34701
559999
910610
672657
760704
34628
344737
567556
29880
766639
190345
58652
964298
498360
217287
691528
146987
515169
631055
546736
180736
519520
228622
395704
69567
223917
195373
905657
574659
687763
34994
173361
408456
114398
231914
143346
184808
547556
468722
634150
456602
262233
3786
528883
583724
934487
840542
7849
689856
377691
542462
928512
786239
383380
553873
268125
143620
258041
637300
677344
564430
603332
379976
607479
621886
592792
596344
617258
277423
891471
626997
310614
49896
479634
311297
829797
225484
690663
800494
773445
476509
360074
845909
422109
189374
800492
521412
692136
490593
151778
223514
52995
794948
405388
43200
544104
464983
590881
375891
752311
746635
630269
964672
720384
335971
639157
931782
599831
375522
936584
386886
659490
774146
867334
454541
625172
30634
252762
609867
296792
318915
546176
217776
631974
600438
819480
843565
35495
605193
458427
428903
887658
215429
699829
189145
981968
502097
226898
512252
791761
281946
783230
777913
417622
228965
373494
211240
445326
10279
164803
694938
348949
844003
377308
112264
287598
155638
126623
564606
247137
903484
782491
263221
188591
811136
405367
583325
734325
862626
735244
198929
606637
971169
328052
594235
258139
888300
163879
321430
252654
857909
947630
408395
132852
90105
286655
709422
446593
494898
911485
734376
233241
604822
543467
580776
701458
851801
421305
874677
918895
923698
415697
634505
849493
995452
74219
760117
727058
611803
477855
634818
746693
818246
691147
448766
138530
124390
268335
958188
377111
461709
340223
23428
164491
775653
99707
897026
426217
135588
662119
45406
512510
67152
240800
134873
360934
206870
195639
832379
305494
818554
750510
122218
349950
29366
132802
743371
811050
218826
766441
145012
196310
536163
346982
461861
138988
203637
89601
521098
545831
368084
981462
794472
648136
567886
733917
201488
209935
822259
560279
842905
490320
938435
430132
419309
105268
453657
999300
619359
724734
532089
361595
197294
157587
130129
255813
929698
195757
194821
678558
926062
95565
145589
476464
751445
359085
74800
381032
527002
621894
920364
788865
600450
62938
801675
228544
781524
45231
103972
485376
360227
949800
452228
35129
811488
816988
58969
999215
828994
720544
477310
158440
342190
721911
106193
644162
152024
975336
555189
442085
756621
267134
51022
58244
595672
18432
94966
715663
926408
896896
165582
849042
248896
445750
81399
641456
292543
613235
934478
366093
262383
23072
143680
228467
678721
79260
78383
380605
714699
976160
336089
844434
410327
995441
468676
970232
992295
510366
430260
239231
768439
493304
477123
392107
676288
825487
588746
724796
893384
854730
627809
451433
674821
544260
917886
506530
948676
34544
518636
399325
446603
738640
926298
14453
970156
240680
20041
516317
228990
369744
233713
87345
550060
207552
449258
496433
76706
301080
558828
487526
316279
395906
254686
771972
542870
268232
59264
780593
283823
120230
977481
722411
425299
42601
246209
407055
602505
43875
803909
708388
823814
698308
464517
461079
629417
719782
736061
425106
245594
699080
259165
681708
518898
658927
154882
195966
846235
275476
842808
121130
782293
302116
480529
842451
232818
698403
670604
73294
735825
687036
741425
304963
178084
17152
548787
834670
728615
348671
415189
890780
827050
244118
617856
171678
313234
653439
118256
241320
901300
801268
100927
248466
609060
770573
445321
973231
557443
168646
83183
618599
577928
144148
733405
609448
492075
288857
961998
800401
723965
250196
520120
887792
101737
122374
526742
389020
22989
647568
678146
780563
297185
440720
918941
216028
276016
921431
725665
772459
253651
600698
644116
504652
624640
341454
869736
278942
40982
707323
421973
449678
869680
396696
15969
460793
263676
527293
289315
250365
577838
241196
354059
486608
118822
889484
136938
777310
628639
110618
133228
987849
719169
432263
159494
972382
243052
353827
977213
342542
485196
243991
594631
535077
536660
829590
937134
447163
515244
683842
211867
594244
803534
784466
521806
302087
443957
54053
52451
159226
877782
180571
973729
862740
534392
122566
3256
178600
195275
993342
738296
859209
40785
402922
599047
95515
654774
863690
525939
546941
547667
612252
626587
605294
643411
275234
794524
897603
281287
63539
732849
666858
240698
936270
500143
244387
852098
472702
304134
268081
862766
206986
41349
25331
455345
509131
651802
638528
987676
514552
424028
514326
803709
254021
254017
108223
774727
373312
217006
574806
808293
404665
863935
435119
45420
287290
278947
140176
803805
725313
406770
367094
722959
612221
545823
22482
543499
155774
37233
273489
911279
140004
872543
209966
4005
504584
599671
323703
662604
381733
891154
602200
605606
219877
981547
506220
741746
323234
10738
187519
808931
695375
729389
977663
964706
498311
841376
100055
378858
464391
951682
987840
266041
535125
641137
641638
639289
899835
610962
310186
717469
230853
108153
233031
914453
702009
663356
284683
285332
788354
694209
20934
329606
264871
278795
868958
824379
731473
746869
642282
598409
403098
324324
105008
553839
447721
173954
348796
752773
981102
632949
675811
295698
363051
88985
868199
962381
210121
384299
781670
193521
233111
754622
935834
949502
98930
801240
541022
990965
167349
575056
936795
955652
861114
893617
802480
977924
402370
35549
726396
820027
724517
617773
20673
412227
860156
674536
422202
73328
506725
946211
542949
317692
626120
267554
786371
35489
411652
829864
212857
668422
112381
71434
881902
221092
234822
634274
222220
54852
485966
688716
576177
556181
663405
205789
80842
780573
774551
57659
986089
857363
288496
948296
228314
250930
245103
970884
197456
430596
361823
65566
377049
948704
983305
151358
725496
546129
543632
245628
489630
644644
404277
546689
183208
50068
267876
546891
803349
314784
916674
46987
544011
216474
558238
62050
810088
959553
233233
369100
717729
750312
660475
247367
874983
580896
107855
337357
783760
270491
714412
974627
846647
367526
696690
306268
823584
109353
254583
768796
207786
73771
641226
811009
190244
165829
916435
395842
154025
68035
707855
863921
735939
166740
88149
240192
640214
16387
755194
529382
793890
379406
208181
553578
776805
165239
925110
496717
850341
350563
434959
166468
416977
717289
804810
878417
506470
159029
172574
568532
438948
497311
583503
477775
198956
303564
224631
555035
455186
44384
115040
515463
931405
403889
953743
596341
207341
115810
270146
180542
486853
698669
90704
749941
199703
979244
248329
369837
963104
579319
369980
220724
529528
175861
525263
309633
994429
960337
366826
554380
848894
929055
712562
641919
212209
884180
916841
489054
628602
650476
550199
124341
996951
287609
256050
951680
663089
978777
94907
98295
478116
943310
58805
432680
190127
526175
119692
329528
339712
502448
1244
47943
519070
597602
529979
304141
708705
959724
519895
96220
702708
998012
363919
861204
280477
595094
187583
997188
880021
939157
744652
732052
179441
500007
435817
97481
162555
831339
961977
270832
965759
627072
480552
828788
141322
399416
504506
246557
243061
208077
522022
689848
129131
993636
827747
525506
990448
773547
911612
561220
158098
193571
730711
250027
767577
567162
776902
875689
292992
497459
788939
481230
161789
781695
579193
848437
360259
673090
623575
583383
335334
823693
911980
87785
31289
189767
635825
494481
695075
202715
731538
733300
75974
536739
965282
187407
977957
538021
59507
787287
643246
159884
270477
200998
681878
723252
73063
166698
735973
591354
518629
922902
6345
529348
517791
733905
649429
186160
195271
526820
736047
158210
958773
134364
181028
1146
163971
450016
649890
766188
228889
259090
221868
615076
134445
135977
662512
50416
199114
712955
947296
882669
551313
79502
57051
883083
935476
296574
309544
730455
413691
564253
459850
130648
511084
558838
401064
114873
85524
272218
611848
13783
257878
181745
302185
570678
347433
744175
678810
959959
677644
411098
193054
252832
807101
120574
196361
599467
191324
756690
199084
544154
453136
141455
165101
674045
589185
551874
485931
819167
417335
448441
60213
428385
740939
39328
588886
383095
568352
268910
774627
674603
958181
190253
860218
7226
327476
509152
123808
626962
725252
19863
125924
368788
282938
277119
286636
213254
894720
820432
991428
938670
217660
435355
947362
900709
118290
693584
765389
783317
993053
265526
365739
527331
779941
567808
846622
317434
392904
428697
234464
553508
333250
180838
3516
117233
399132
302888
135664
384087
631547
105117
475971
583005
722217
785687
771229
932409
670567
443849
675347
525675
415221
480956
784992
72317
725343
282627
343912
504263
25165
938847
641550
379246
41953
88697
430267
838636
433265
770462
516440
198277
624526
822307
205267
522424
514747
622447
299379
417333
511598
551480
33615
746165
828622
283625
974296
322511
34698
147151
190293
800419
454237
330336
332308
731445
714343
660667
97162
3444
139714
278709
826752
223407
613462
129307
799678
520422
63393
235550
992055
623808
93348
365630
704472
818416
836891
18567
230680
553484
160121
466074
308626
933265
902823
113418
16324
658003
803926
923438
666955
165298
618375
126954
700699
2644
287370
957972
396239
517979
261065
648703
526191
371278
390569
521982
120085
679190
574027
680678
292162
493731
56214
908343
22160
627402
822788
234843
146778
76616
341755
256396
726777
451860
374414
734490
839218
389644
321476
752782
276724
39746
614531
682110
836871
562140
488829
414845
50273
817666
864321
6303
586525
455385
913595
805860
959376
849219
312573
862763
988038
661692
862505
531189
466391
762511
81486
81204
900185
469748
839845
6220
538837
3107
675136
354431
686884
537683
727404
772378
203080
118222
154715
250500
70484
780117
238661
777284
926301
499271
779126
374835
294398
466473
836004
417774
724405
467357
623933
319392
224473
550670
144152
767694
64332
539129
504813
829176
926970
827421
483222
174785
23391
456256
680088
112542
112360
522252
738016
277214
808557
281618
261532
836174
316393
649523
728194
769368
523431
62256
190708
286495
869282
711608
958450
199606
652367
847562
400051
964672
512306
370561
384164
770898
392208
490521
359254
275091
63914
13785
946486
809405
63891
176908
699839
735098
989703
76689
358350
623439
307457
795955
576525
728205
361652
377217
422798
43955
655188
223838
739305
263471
732659
962786
983021
364666
631815
66166
107379
44928
664941
475813
826334
609674
23474
400549
721716
834750
563404
592188
157952
7636
873366
308900
454019
422771
746854
437939
806216
926234
139479
484308
638891
861825
297295
522902
579582
625447
621013
108622
705436
167384
668598
364926
293292
484463
235767
89842
81486
196557
956663
720742
682497
135979
214246
544344
928865
554008
594680
69942
981232
963044
817883
227339
418575
735572
942745
876005
79893
340341
258699
575132
188108
135958
577362
732873
460000
682676
993568
652596
501885
515894
740784
337993
575549
517960
912057
347869
461455
331454
655830
559288
487037
17123
212205
357846
185879
667715
128261
285067
437008
794206
464696
988115
690657
645294
83395
987240
36631
489506
967170
366986
664037
321722
446925
293293
409137
213299
187234
506344
993230
293406
966297
612838
426049
643867
870821
705180
573711
707343
747624
699464
934596
18221
116541
493471
227513
351599
132870
197223
78640
213944
455442
287929
105541
357950
444740
436525
480275
760877
935252
595209
763451
510369
470187
44538
717687
234428
784936
106086
775089
701739
358691
458860
456391
724954
176215
367044
619944
472256
798451
946239
995423
790984
800782
935398
992172
98699
931127
358425
397855
630582
620472
961651
552855
771053
86672
189790
604912
297364
105777
19581
258894
171053
811697
455551
44565
309322
116887
747076
292859
897732
480804
529707
316094
259250
90051
147167
527404
643526
734634
5824
812039
255036
29960
741723
247694
683143
835984
534666
761060
82645
865870
356647
93907
808650
889657
327829
250265
343146
383463
25763
443471
673730
910948
945019
506453
512913
844222
161620
730304
225221
664196
688886
917706
900506
673196
621454
467617
560791
447341
72616
77102
909186
293959
53076
833252
204133
628325
883604
771282
562910
514142
5561
973648
99301
642037
431226
90976
91858
386491
371083
785961
602456
550192
856547
677035
286763
14508
752031
650931
247301
787031
876143
294353
410679
621910
310130
549776
715183
909088
380251
97838
374868
967049
417812
530112
870046
98856
331315
168248
79397
358963
272960
726533
685405
588977
101530
170074
483773
30482
181729
588185
997411
549999
344738
874750
333593
236090
393522
311245
66716
132771
794196
500692
897775
407710
936120
98995
901409
427319
708509
148405
117754
944854
159612
428182
700021
38203
302454
641599
98096
334110
940562
747572
235067
716476
451894
597350
801252
12470
59765
375600
830778
44371
29548
889947
160736
219647
649678
283300
705961
872078
78660
996528
691019
146098
923842
374657
884061
2717
330652
311335
660775
363287
432194
380120
149551
284978
861302
433711
279563
875666
354664
125469
551980
374659
545632
502488
122220
466749
330338
44489
570919
107125
515472
831683
471028
221026
880717
724227
847851
90157
938528
858356
35427
685273
733833
988061
588954
602119
403889
821633
129880
429998
245344
200105
585259
464988
693215
324918
448499
398780
35600
745375
188157
785674
602269
613579
667355
349577
302944
572193
83190
835981
300842
5904
20912
435202
636694
869885
960135
449750
207520
155770
329335
612029
629002
79317
645936
208498
338694
143672
340430
958077
285145
54818
569761
665284
957049
286329
281070
966529
311636
195477
176707
214034
752731
589345
579167
477666
863748
303100
101017
264922
947633
592893
247471
437464
404973
1083
527295
835342
480873
214451
377976
915054
336724
804886
430521
897719
894792
171713
157379
600373
339885
431551
475846
15789
208248
965134
212000
423760
688178
496670
741036
318913
166762
700456
619719
616612
969699
564934
68926
988903
315137
516275
720139
572290
627507
645462
876432
716962
503757
547200
798570
728856
530145
988304
768571
757829
965089
852451
551307
385735
765703
660313
157268
575534
636777
86328
454693
997024
373507
438320
667764
639738
559523
549745
938277
741011
677744
311739
949263
941734
579180
801922
749896
537978
841703
418535
700465
890224
657220
821367
963578
16593
163748
573064
254010
568972
392299
765334
832712
575880
45908
652354
361555
997333
809412
327893
282739
170942
170831
674356
314791
182975
561562
527800
866394
828654
722269
506980
162543
77634
442446
257937
186399
931181
249402
32885
955627
293963
980191
528457
79669
198243
48197
642269
842522
992498
668247
29140
86536
76364
130203
884403
999294
313365
986687
21035
123343
174254
733018
563240
368416
961653
101355
920043
52605
337431
104748
144233
18210
212018
531280
109440
346154
570584
775986
957642
278051
569080
45014
77974
446077
85348
716092
188916
890343
801217
136583
2080
191039
445066
400546
551187
567451
39980
654350
908717
715021
397005
767640
546556
668993
733902
331279
37944
253905
592491
769229
489352
452426
617801
264721
686571
145924
709221
964644
468163
171824
508637
329720
128758
411047
916878
125710
738760
117157
851814
165521
151748
782507
623603
320701
295078
488511
511324
439038
508266
391974
773951
508180
210653
630597
371295
469663
976520
812054
247074
456579
544855
947041
366005
148886
639732
286446
905395
43530
922528
438005
172193
134194
835690
830779
491372
348585
708228
736551
524601
229350
835007
406071
196956
461466
596163
967679
684498
759305
716982
696964
389017
612386
833722
128410
48187
962773
710739
777215
975009
941537
31645
512378
444416
818444
260546
349409
469540
940764
282628
20706
885336
807451
112806
525913
812600
908480
748017
962448
253070
445960
815367
474942
675420
763058
354130
24976
825931
177367
582832
320792
106944
250901
60248
895357
335891
712321
811295
500031
159510
931442
739821
732806
431185
936506
49675
49252
326820
367816
164900
833649
504395
942554
993070
623091
477542
885559
148182
753876
629591
817123
479192
124485
489862
284084
91130
651163
973508
504207
825755
734614
26824
741070
92278
897188
331542
900613
119363
202942
572728
567636
819976
873253
839903
445286
168323
844570
276746
275640
361116
552632
688848
888507
599433
960895
273811
96657
621905
203715
460818
484066
716076
601965
201201
111928
454458
831877
474194
549386
758844
908143
633478
112739
16938
514947
363835
457460
634818
590513
593442
514045
511947
791152
219051
793338
436003
266818
156776
98945
597594
730991
675612
428065
660347
341422
557209
399950
649794
565897
460650
19722
805857
556214
607136
942698
595554
837404
607159
690217
523683
787811
415317
41826
917262
467254
88656
70133
105995
386532
365334
702887
549418
236616
61376
398793
466904
855619
192515
570046
503950
831901
367041
30397
404696
397053
45548
685902
628336
338144
582420
99552
14057
430040
652074
946960
208115
626276
303872
846292
113601
431220
637174
739267
229634
881156
652904
136937
92953
169150
665219
534687
309666
233065
735813
797581
311227
26944
599519
964500
66568
377959
627173
12705
217528
368972
396064
349247
545022
401998
843537
155088
864994
123322
552284
233659
566118
434576
342668
158956
240400
79043
123873
257098
228762
450422
84394
161139
568877
520555
579682
374925
979588
390324
254691
375382
627127
453997
771517
440189
310627
507105
168519
929027
887543
985387
903979
535153
634369
577077
738424
868998
250678
707920
235208
995363
933850
822147
981137
497880
448595
441259
50020
145979
928577
745776
857084
397865
994727
399793
210124
538770
675310
779699
313279
161832
996766
413424
760803
426581
948580
466898
402990
485531
745211
134685
590923
803767
37128
397097
271938
489596
797013
859318
230159
629773
972764
194742
717444
420203
509608
500050
54414
669732
881874
623481
258842
250732
554749
132820
842064
803084
353933
733947
958717
12510
136118
169353
98878
557530
915766
286424
488643
466157
253190
38762
199727
907024
130006
214726
998729
996183
886313
314515
575304
406387
750430
595381
253131
400091
305726
820097
903980
120730
846473
153508
529793
244750
701947
763437
430772
720688
728559
645843
331540
462518
464467
519732
178369
392572
778859
746883
928959
316833
724389
960962
338143
865307
618024
787036
687745
43195
731577
880103
421233
326006
831157
936894
939781
356731
607880
973547
794434
741576
705591
800138
378728
403989
478541
288952
199889
631711
955839
611417
458448
464842
770141
610961
129046
614928
181275
972410
960683
590295
553217
958045
548077
456581
393218
632433
988246
331186
526607
897198
5309
193841
114403
652502
168253
56501
75397
170111
313226
490256
856209
552916
142095
47555
100059
392935
685548
816551
463785
39583
710878
646611
519032
853447
685448
332805
427291
825886
156772
915967
409219
406637
232531
546348
502883
39326
169793
947474
106532
394563
260347
19997
590326
264124
705329
89448
591107
400718
281027
819240
367382
488584
220737
644395
275440
118550
211513
712981
435308
494382
609797
837784
578574
386629
338783
907531
467465
308173
265907
960635
75101
477223
384669
160314
544794
379119
828776
703194
653751
190930
663169
571256
82551
527539
389386
356761
228316
775746
894326
562022
299988
847105
263305
200195
632708
135914
462145
280004
866436
310487
263243
972848
24203
613307
407725
499983
177497
29220
568480
590762
834940
796847
829532
985959
279252
506653
163127
73260
596735
415049
828157
879771
44619
377014
105307
399398
149623
562476
133307
681048
942913
950251
65022
523864
704558
626702
150508
788622
681734
886133
170009
214136
840958
437358
156112
160255
959987
566748
603341
201187
787115
817960
409398
132104
606395
831745
811022
136308
989857
468393
555193
808011
470586
833213
252273
961545
907407
251341
624608
936013
350838
54095
732929
446256
903459
938330
137937
549305
389352
333529
102534
66859
571306
163191
161289
534407
263366
65068
867991
639144
655839
797152
62997
169287
847846
117029
478189
130063
968207
95792
199434
865879
804059
251561
7981
196245
894444
210554
955549
203080
559457
545759
392284
599454
16021
797427
810313
293610
221621
754079
532583
630423
809870
486995
300806
112098
360226
794441
372299
91913
978586
617936
399412
435805
725748
23413
784593
937594
532399
152419
362163
665461
251666
491559
708261
266113
991692
183793
183937
734856
953749
165453
244758
747872
11848
117986
918943
602766
475502
376338
150963
961093
570578
151251
695013
886296
528411
694694
420239
196805
417457
180433
908868
661152
141841
835051
234534
418849
837137
736527
111342
236223
730264
850136
586351
470438
520098
99517
937036
341687
302832
47207
754828
968562
346777
611431
390010
573866
465142
117206
915460
161626
728653
445100
291127
943826
126822
664694
885934
974183
813987
63981
787056
999417
153624
457773
981489
175453
555655
920067
311801
218405
264723
65629
325067
259678
616241
611999
771097
356321
765803
537617
674388
627283
596362
653703
798447
354545
474434
956302
932508
946261
836876
121906
377298
267442
488239
505470
393850
519516
320127
301374
795977
965062
670527
511905
277293
871296
604705
939311
827660
997656
148138
752762
362023
713829
882523
630117
84193
930884
123453
488593
145006
907877
167081
564000
560230
862683
203008
576870
751776
919353
239783
514418
490786
752891
737113
635364
656737
52393
819110
607615
260174
154246
849219
590742
558278
859943
326815
753616
387876
113276
603138
287358
895603
392182
204852
604618
309434
585497
710644
448649
103185
362681
672076
288787
697087
806859
134097
70042
944296
711272
989077
396750
237515
66555
170296
525517
206327
210614
417750
349794
202531
464785
673532
280482
674767
683458
405505
868578
679105
508805
407253
113799
718341
558756
117025
378742
813178
52952
988973
261905
521340
897490
874779
341473
7242
173762
71017
716655
273002
4547
392954
16476
245982
101996
958167
916025
156597
352384
981848
792859
960387
481009
642087
231919
464099
48683
66923
331483
727585
63515
634756
347116
954215
95361
675964
450293
127144
582051
791351
246989
363292
112781
316401
161289
450861
30931
17056
88949
828350
426633
344391
38003
477043
880186
88625
548816
332018
28658
561142
842718
630545
657305
430022
213710
280309
102192
329190
250888
356759
419359
466479
877447
687155
963797
219239
530408
87408
602922
127122
508981
120194
586451
790979
601224
914865
609660
553913
107281
110517
382764
726320
731465
259456
5495
100227
563875
708411
661279
292867
50206
807352
87952
418663
74457
849868
637806
13713
138961
185739
304295
425845
242787
855167
107892
779370
718111
272830
317968
906187
326076
497390
555714
36032
365571
307585
214457
800410
942101
160298
378141
28973
937154
718031
846770
641257
65996
377762
280438
242177
920275
656210
565694
267568
82052
237882
446924
961989
238991
846819
459741
6204
248867
832582
187076
862244
301422
172171
415482
138404
994073
842762
782386
10142
892610
672569
675556
343544
945296
392434
316307
535529
436976
926027
808179
661825
839602
583121
297202
509229
189959
260871
201704
126878
612302
439678
186980
484676
97689
840762
737800
450754
821567
479452
983218
455468
789347
682792
989464
507379
285466
897921
148286
326814
1618
201851
725208
209089
684381
73283
999512
540209
542095
561899
846666
404655
187991
162991
884203
774984
337958
108634
666600
974207
847384
855489
360839
604720
278585
217632
731870
742157
324555
174045
511788
543788
215217
683051
92351
772053
122147
113499
924522
842089
907775
235470
463112
614339
646236
526277
932274
80559
834563
109821
435513
931463
918619
579934
448248
606006
502325
154572
178066
549880
336283
212870
841504
686616
327271
418904
159112
514173
919627
229647
940106
183523
94640
629457
166974
492989
822174
794890
538215
542661
893181
622914
266580
381215
968715
790482
162015
54341
247251
349013
963944
555455
804474
555707
706507
299994
926176
156234
413036
653231
374668
360553
108841
832964
331864
424379
854533
843815
126608
135539
152169
639608
704930
595089
991261
56957
65236
72659
947193
162143
638993
86860
247944
100435
74140
799273
339452
222797
90090
767920
504051
735238
111211
709287
494427
371584
470375
768431
519253
151565
86153
491125
562022
304090
528006
160492
582506
546323
233380
893383
287386
674090
915056
742538
738282
81988
409950
166655
922988
651760
771343
54052
982208
994400
283535
614366
435511
809340
608169
486984
867634
703374
403829
590220
300080
153472
55433
139302
561500
526854
151893
618268
788853
371877
876516
11949
89590
714342
960108
179893
517746
356733
485291
468008
14582
18768
944102
68998
515156
814342
538044
932671
633180
113880
48380
109738
610598
336521
828854
389233
359952
353949
569707
693385
568153
247065
321864
256902
511208
751868
120928
841227
423445
928202
260906
559753
171620
496314
308254
452316
878748
967179
855097
505165
752664
437318
611169
350220
804595
883476
841185
228633
934178
452389
384085
122338
947228
179980
578485
31355
286653
619781
186165
866114
741391
771798
89649
906132
769940
428412
313655
248545
141057
233141
613893
456046
720451
83316
354201
697754
321830
315018
871622
73709
389256
892318
911470
877800
146776
573787
134389
836225
744535
771929
133826
669812
369170
357505
458303
101692
974070
950233
977193
546938
104050
234363
972768
588360
885944
242321
985460
604495
644350
137502
477111
436104
875196
407280
835805
278953
449500
968943
782915
866942
537570
428902
94325
978871
878126
639163
609563
34923
17062
66994
15220
620529
156115
611117
714060
402272
820327
735339
155815
878636
982471
40190
550169
767188
995182
545089
309757
348413
826665
393316
920231
314732
720767
108405
236228
288541
983961
562300
895841
775078
989986
543655
480649
318545
532682
23276
657608
713458
767172
699207
864750
804911
597715
465506
971653
396018
756579
947960
759302
44317
877067
117373
653115
888082
383975
430911
976441
718679
967741
968425
423054
8781
558536
674089
407248
823845
101845
478677
938793
629407
638769
552220
631092
126354
943958
429794
776452
885948
872198
34125
158485
405106
725274
558237
209722
531890
563720
941058
921820
835385
137253
957738
799766
987969
149606
846768
340571
394253
121385
364022
444304
820068
378043
129408
13116
4215
264871
34287
575119
