59
341
439
497
616
641
662
871
1083
1146
1220
1244
1324
1489
1547
1618
1842
2080
2123
2576
2644
2717
2796
2848
2950
3107
3210
3256
3444
3516
3786
3878
3996
4005
4213
4215
4267
4344
4445
4539
4547
4930
5039
5309
5495
5561
5757
5824
5828
5904
5998
6204
6220
6254
6303
6328
6345
6527
6735
7035
7226
7242
7307
7636
7760
7788
7849
7981
7986
8048
8097
8772
8781
9166
9225
9262
9262
9414
9426
9689
10010
10048
10142
10167
10236
10276
10279
10305
10640
10725
10738
11000
11160
11199
11257
11550
11558
11723
11848
11949
12446
12470
12510
12705
12769
12886
13116
13143
13147
13149
13440
13451
13458
13631
13713
13783
13785
13920
14057
14147
14387
14453
14508
14582
14608
14697
14752
15220
15220
15400
15789
15794
15812
15969
16021
16123
16150
16163
16252
16302
16324
16387
16433
16476
16593
16938
16979
16999
17056
17062
17123
17152
17547
17669
17678
17681
17683
17772
17845
18210
18221
18432
18555
18567
18768
18861
19017
19106
19300
19312
19316
19321
19581
19722
19863
19997
20041
20056
20131
20226
20432
20553
20640
20673
20706
20912
20934
20973
21025
21035
21238
21507
21736
21767
21976
22003
22092
22160
22168
22209
22239
22482
22919
22989
22997
23020
23072
23252
23276
23276
23391
23413
23428
23474
23686
23802
24189
24203
24296
24535
24549
24934
24976
25165
25331
25410
25462
25763
25898
25925
25997
26044
26275
26404
26415
26554
26824
26849
26944
27361
27480
27589
27652
27774
27858
27912
27980
28019
28119
28161
28314
28658
28782
28845
28930
28973
29110
29140
29195
29220
29366
29370
29548
29676
29692
29818
29880
29922
29960
30244
30273
30397
30401
30482
30634
30670
30684
30687
30702
30846
30856
30931
31091
31206
31289
31339
31355
31392
31510
31645
31755
32207
32290
32639
32885
33123
33335
33452
33541
33615
33804
33961
34059
34094
34125
34254
34261
34287
34333
34544
34544
34628
34698
34701
34801
34923
34994
35129
35270
35336
35427
35489
35495
35549
35589
35600
35920
35984
36032
36162
36214
36242
36444
36621
36631
36687
36843
37068
37128
37233
37253
37311
37498
37654
37666
37763
37936
37944
38003
38079
38203
38639
38762
39232
39326
39328
39431
39583
39746
39774
39954
39968
39980
40190
40200
40247
40274
40301
40634
40785
40895
40982
41349
41391
41425
41458
41623
41826
41950
41953
42027
42217
42485
42531
42601
42769
43195
43200
43236
43423
43530
43549
43875
43955
44040
44197
44283
44317
44371
44384
44489
44538
44565
44619
44928
45014
45068
45188
45231
45304
45406
45420
45536
45548
45576
45898
45908
46050
46056
46432
46826
46904
46920
46927
46987
47207
47213
47299
47352
47410
47555
47910
47920
47943
48041
48067
48187
48197
48354
48380
48402
48517
48683
48866
49013
49047
49142
49252
49384
49586
49675
49846
49896
50020
50068
50204
50206
50235
50273
50416
50444
50464
50481
50556
50668
50788
51018
51022
51155
51270
51361
51383
51625
52057
52393
52451
52563
52600
52605
52795
52824
52952
52995
53076
53092
53122
53293
53522
53700
53728
53756
54052
54053
54095
54131
54319
54341
54414
54717
54818
54852
55165
55185
55332
55363
55396
55433
56214
56501
56505
56612
56654
56677
56697
56957
57051
57299
57311
57581
57600
57645
57659
57747
58244
58312
58325
58652
58680
58760
58805
58969
59032
59052
59220
59264
59330
59411
59434
59507
59641
59765
59894
60045
60213
60248
60369
60456
60555
60666
60668
60698
60919
60946
61063
61149
61376
61437
61553
61660
61793
62050
62256
62483
62734
62851
62873
62938
62997
63021
63171
63345
63393
63399
63515
63539
63665
63775
63860
63891
63914
63925
63981
64332
64378
64673
64699
64722
65022
65068
65236
65414
65429
65444
65566
65629
65742
65944
65996
66166
66432
66555
66565
66568
66591
66640
66647
66716
66720
66724
66859
66923
66994
66998
67152
67306
67552
67615
68035
68095
68100
68201
68260
68705
68800
68926
68998
69008
69166
69185
69258
69272
69281
69414
69567
69732
69735
69747
69942
69949
70042
70059
70133
70149
70187
70484
70619
70704
70805
70836
71017
71104
71208
71434
71587
71684
71704
71836
71856
71964
72317
72612
72615
72616
72659
72771
72983
72997
73063
73142
73155
73260
73283
73294
73328
73378
73416
73558
73672
73709
73771
73918
74140
74219
74264
74265
74457
74709
74796
74800
74992
75101
75256
75283
75294
75324
75350
75397
75869
75912
75974
76039
76053
76186
76205
76364
76477
76616
76689
76706
76781
76864
76908
77101
77102
77354
77357
77448
77634
77755
77974
77989
78284
78383
78622
78640
78660
78949
79043
79145
79200
79260
79317
79397
79502
79669
79740
79893
80079
80559
80745
80760
80831
80842
80979
81204
81399
81446
81472
81486
81486
81527
81672
81988
82052
82203
82245
82428
82535
82537
82551
82645
82883
82937
83183
83190
83316
83368
83395
83773
83799
84178
84193
84249
84356
84394
84464
84468
84731
84890
85195
85348
85373
85431
85524
85528
85768
85968
86153
86328
86519
86536
86574
86672
86860
87009
87199
87330
87345
87408
87412
87656
87665
87769
87785
87815
87846
87854
87933
87952
87995
88149
88489
88524
88625
88656
88697
88764
88949
88985
89012
89050
89155
89448
89590
89601
89649
89655
89688
89768
89824
89833
89842
89944
89953
90051
90090
90105
90136
90157
90158
90208
90211
90237
90521
90631
90704
90976
91055
91130
91343
91400
91425
91460
91729
91842
91858
91874
91913
92063
92174
92278
92351
92391
92444
92555
92636
92725
92736
92905
92923
92953
93064
93081
93144
93200
93256
93257
93348
93540
93635
93773
93873
93896
93907
94075
94182
94325
94578
94615
94620
94638
94640
94770
94907
94966
95026
95217
95361
95515
95545
95565
95577
95672
95792
95946
96089
96097
96186
96195
96220
96383
96657
97132
97139
97162
97331
97433
97442
97481
97503
97516
97689
97838
97945
98096
98102
98295
98530
98581
98699
98856
98875
98878
98930
98945
98995
99184
99301
99348
99456
99517
99552
99576
99705
99707
99775
99818
99932
100026
100055
100059
100227
100338
100356
100435
100681
100770
100927
101009
101017
101056
101331
101355
101358
101374
101530
101568
101692
101737
101845
101946
101996
102192
102309
102534
102712
103163
103185
103223
103328
103397
103592
103648
103662
103757
103763
103972
104003
104050
104209
104260
104391
104444
104748
104804
104954
105008
105097
105117
105236
105268
105307
105333
105398
105541
105650
105661
105678
105777
105783
105921
105986
105995
106086
106193
106387
106449
106476
106532
106616
106859
106944
107112
107125
107281
107379
107399
107584
107712
107855
107892
108153
108223
108405
108489
108553
108622
108634
108640
108747
108841
108896
109016
109142
109339
109350
109353
109440
109498
109613
109738
109821
110400
110467
110517
110618
110624
110860
110985
111174
111211
111249
111342
111859
111873
111928
111958
112098
112264
112285
112360
112372
112381
112542
112723
112739
112745
112781
112806
113236
113250
113276
113418
113425
113499
113533
113565
113598
113601
113704
113733
113799
113880
113899
114027
114043
114365
114392
114398
114403
114469
114503
114619
114823
114873
114878
115040
115396
115486
115574
115676
115810
115821
115887
116497
116541
116597
116759
116887
116905
116967
117025
117029
117051
117157
117206
117233
117294
117373
117530
117676
117754
117804
117986
118130
118222
118245
118256
118290
118550
118572
118811
118822
119010
119038
119276
119363
119478
119541
119692
119692
119727
119739
119996
120009
120085
120194
120230
120387
120470
120574
120575
120587
120730
120812
120928
120986
121105
121130
121279
121332
121368
121385
121763
121873
121906
122147
122207
122218
122220
122279
122338
122374
122450
122566
122712
123322
123343
123453
123650
123808
123873
123933
124258
124263
124300
124341
124390
124485
124486
124560
124601
124712
124789
124797
124861
124943
124993
125083
125328
125437
125469
125563
125710
125809
125867
125924
125964
125976
125978
126289
126329
126354
126605
126608
126623
126686
126733
126822
126878
126954
127017
127040
127062
127122
127144
127313
127473
127546
127674
127757
127806
127833
127932
128105
128261
128410
128414
128503
128546
128645
128692
128758
128811
128858
129046
129108
129131
129241
129307
129408
129452
129601
129880
129930
129972
130006
130063
130129
130144
130203
130382
130398
130428
130648
130794
131247
131439
131485
131492
131558
131657
131750
131968
131998
132031
132079
132104
132184
132771
132773
132802
132819
132820
132852
132870
132896
133156
133228
133307
133630
133826
133836
133858
133940
134014
134097
134170
134194
134364
134389
134400
134445
134572
134685
134834
134873
134992
135134
135169
135245
135501
135539
135588
135664
135696
135803
135804
135858
135867
135914
135931
135958
135977
135979
136118
136308
136329
136583
136811
136937
136938
136939
137098
137116
137253
137327
137477
137502
137777
137874
137937
137944
138047
138337
138404
138471
138477
138530
138564
138940
138958
138961
138988
139036
139141
139250
139302
139479
139489
139595
139656
139663
139714
139882
139976
140004
140076
140176
140247
140424
140582
140613
140967
141055
141057
141308
141322
141455
141471
141592
141657
141697
141841
141849
141894
141918
142095
142464
142484
142589
142596
142644
142647
142763
143346
143370
143572
143620
143672
143680
144004
144148
144152
144174
144233
144277
144352
144425
144504
144783
144842
144868
145006
145012
145306
145359
145433
145589
145652
145854
145912
145924
145979
146098
146393
146423
146650
146696
146764
146776
146778
146987
147151
147155
147167
147255
147320
147445
147797
147869
148117
148138
148182
148228
148248
148286
148405
148623
148634
148886
149142
149281
149451
149551
149606
149623
149824
150151
150192
150395
150455
150508
150829
150963
151041
151060
151115
151154
151232
151251
151358
151565
151748
151778
151893
152012
152024
152169
152260
152268
152346
152419
152589
152885
152937
153110
153173
153208
153472
153508
153543
153624
153687
154025
154028
154115
154144
154246
154247
154349
154572
154715
154719
154882
154896
154899
154935
155088
155236
155296
155603
155638
155770
155774
155815
155826
155954
156112
156115
156234
156485
156486
156551
156597
156772
156776
157024
157072
157268
157379
157446
157587
157741
157753
157757
157854
157888
157952
157961
158098
158102
158210
158271
158440
158485
158630
158956
159029
159112
159116
159203
159226
159320
159361
159464
159494
159510
159612
159884
160080
160121
160167
160255
160287
160298
160314
160492
160621
160736
160915
160971
161139
161146
161148
161155
161165
161245
161289
161289
161336
161414
161620
161626
161789
161832
161938
162015
162071
162131
162138
162143
162366
162507
162543
162555
162603
162700
162721
162740
162767
162774
162940
162991
163003
163127
163175
163191
163251
163285
163475
163497
163710
163748
163777
163879
163971
164084
164107
164404
164491
164520
164803
164900
165101
165230
165239
165247
165298
165322
165327
165405
165453
165510
165521
165582
165624
165711
165829
165993
166254
166378
166468
166493
166643
166655
166698
166740
166741
166762
166825
166883
166908
166974
166979
167014
167081
167170
167209
167276
167327
167349
167384
167579
167746
167811
167838
168248
168253
168323
168430
168519
168536
168646
168649
169150
169209
169287
169309
169353
169491
169629
169661
169751
169793
169798
169903
170009
170074
170092
170111
170184
170296
170749
170831
170859
170942
171049
171053
171126
171168
171173
171265
171273
171620
171641
171678
171692
171713
171784
171823
171824
171826
171851
171960
172171
172178
172193
172574
172688
172802
173070
173083
173233
173361
173405
173635
173762
173807
173925
173954
174045
174181
174223
174254
174286
174309
174414
174550
174607
174695
174753
174781
174785
174905
174943
175453
175572
175605
175861
175915
175954
176085
176215
176307
176445
176631
176646
176707
176807
176901
176908
176935
177142
177158
177291
177302
177360
177367
177381
177497
177546
177676
177968
178066
178084
178138
178285
178369
178541
178558
178600
178601
179041
179047
179159
179212
179231
179252
179441
179475
179893
179980
180098
180349
180404
180433
180487
180542
180571
180672
180736
180838
180870
181028
181115
181151
181178
181254
181275
181351
181710
181729
181745
181966
181985
182363
182461
182545
182838
182962
182974
182975
183014
183169
183200
183208
183523
183715
183793
183846
183937
184021
184187
184193
184235
184448
184725
184808
184834
184836
184839
184914
185070
185086
185518
185670
185739
185875
185879
186160
186165
186326
186399
186498
186616
186624
186980
187005
187076
187081
187156
187234
187407
187519
187542
187583
187672
187741
187776
187991
188108
188157
188591
188633
188667
188689
188694
188697
188916
188921
188929
188949
188979
188991
189145
189201
189280
189374
189501
189697
189767
189790
189959
190049
190127
190244
190253
190293
190293
190345
190581
190708
190766
190800
190893
190910
190930
191031
191039
191073
191324
191456
191510
191614
191803
191903
191969
192081
192147
192515
192670
192752
192772
192987
193054
193287
193331
193437
193521
193538
193571
193695
193701
193762
193841
193844
194060
194281
194638
194742
194744
194792
194821
195096
195098
195271
195275
195299
195373
195400
195416
195477
195639
195725
195757
195966
195982
196003
196195
196218
196226
196239
196245
196310
196361
196453
196493
196535
196557
196708
196805
196841
196956
197102
197127
197223
197246
197294
197456
197545
197605
197994
198090
198200
198243
198249
198277
198330
198368
198708
198817
198929
198956
199022
199084
199114
199119
199434
199437
199489
199606
199669
199703
199724
199727
199889
200105
200195
200352
200363
200962
200998
201107
201187
201201
201388
201466
201488
201704
201851
202405
202531
202715
202748
202942
202997
203008
203080
203080
203109
203223
203394
203503
203547
203549
203637
203660
203715
203807
204062
204133
204148
204170
204194
204339
204398
204473
204509
204564
204616
204710
204852
205140
205243
205267
205789
205874
206127
206147
206190
206327
206385
206554
206614
206719
206719
206870
206986
207013
207080
207250
207341
207520
207552
207748
207786
207892
207982
208077
208115
208135
208181
208248
208305
208498
208569
208654
208711
209050
209089
209330
209387
209722
209825
209935
209966
210121
210124
210458
210469
210530
210554
210595
210614
210626
210653
210671
210872
210908
211013
211234
211240
211278
211320
211323
211401
211513
211867
211871
212000
212018
212205
212208
212209
212327
212509
212608
212857
212870
212982
213148
213254
213299
213362
213637
213710
213823
213944
214034
214136
214246
214259
214326
214430
214451
214457
214635
214726
214910
214965
215217
215252
215429
215716
215739
216028
216099
216474
216476
216494
216577
216578
216677
216786
216855
216912
217006
217123
217287
217443
217528
217632
217660
217683
217746
217776
218038
218400
218405
218637
218826
218930
219031
219051
219239
219406
219410
219647
219763
219877
219901
220019
220133
220246
220324
220331
220499
220724
220737
220843
220942
221011
221026
221083
221092
221585
221615
221621
221713
221868
222200
222220
222243
222304
222362
222409
222497
222679
222797
223328
223407
223514
223518
223581
223838
223917
224061
224152
224274
224415
224473
224496
224631
224695
224760
224761
224855
225077
225221
225265
225344
225484
225638
226063
226096
226149
226329
226381
226501
226566
226803
226898
226979
227093
227155
227160
227339
227513
227889
228011
228181
228225
228314
228316
228368
228380
228467
228544
228622
228633
228731
228762
228889
228965
228990
229150
229228
229255
229274
229350
229577
229634
229647
229742
229790
229865
229985
230159
230207
230238
230458
230625
230628
230680
230853
230864
230940
231064
231371
231409
231781
231914
231919
232258
232389
232531
232541
232578
232708
232723
232818
232850
232888
232978
233028
233031
233065
233101
233111
233141
233233
233241
233297
233330
233380
233396
233556
233659
233707
233713
234054
234097
234154
234162
234363
234428
234464
234534
234784
234822
234843
234870
234883
235067
235097
235165
235208
235250
235470
235550
235639
235662
235767
235774
235794
235844
235925
236090
236223
236228
236399
236400
236429
236616
236741
236988
237189
237307
237448
237515
237747
237842
237882
237899
237939
238062
238262
238661
238880
238991
239208
239231
239333
239505
239524
239558
239729
239783
239856
239965
239989
240192
240302
240400
240520
240657
240668
240680
240698
240764
240800
240989
241169
241196
241320
241572
241673
241834
242094
242177
242247
242321
242404
242787
242789
243052
243061
243174
243200
243527
243554
243588
243614
243787
243991
244118
244138
244235
244387
244515
244574
244615
244618
244750
244758
244980
245061
245062
245098
245103
245147
245283
245344
245594
245619
245628
245667
245810
245889
245982
246025
246209
246285
246339
246557
246651
246989
247065
247074
247110
247118
247137
247251
247301
247367
247378
247469
247471
247549
247694
247944
248060
248184
248329
248445
248466
248545
248689
248768
248797
248867
248896
249003
249304
249319
249322
249388
249394
249402
249593
249615
249761
249811
249867
249920
250027
250174
250196
250247
250265
250365
250453
250473
250500
250600
250606
250635
250678
250732
250756
250794
250797
250888
250901
250930
250984
251038
251123
251308
251341
251457
251496
251561
251660
251666
251683
252018
252273
252529
252535
252551
252654
252762
252832
252967
253070
253087
253131
253190
253202
253597
253651
253666
253700
253736
253801
253814
253905
253961
253987
254010
254017
254021
254227
254363
254583
254686
254691
254745
254951
255036
255059
255122
255216
255244
255313
255376
255422
255465
255813
256050
256289
256396
256681
256682
256765
256902
256936
257098
257114
257137
257205
257207
257259
257307
257625
257684
257878
257937
257971
258041
258071
258139
258251
258299
258699
258842
258876
258894
259090
259165
259250
259264
259283
259296
259456
259457
259524
259678
260050
260069
260174
260347
260514
260546
260618
260818
260856
260871
260906
261065
261214
261532
261592
261905
262007
262116
262193
262233
262259
262325
262333
262383
262614
262950
263071
263221
263243
263305
263366
263371
263434
263444
263471
263488
263639
263676
264124
264186
264435
264561
264721
264723
264774
264794
264863
264871
264871
264922
265040
265058
265140
265150
265283
265493
265524
265525
265526
265654
265738
265757
265852
265907
266041
266113
266539
266580
266777
266818
266901
267017
267134
267182
267316
267432
267442
267554
267568
267675
267787
267876
267953
267958
268081
268125
268232
268335
268367
268406
268467
268478
268632
268657
268910
269209
269502
270113
270146
270196
270477
270491
270832
270924
270939
271010
271016
271294
271391
271391
271525
271525
271558
271604
271708
271902
271923
271938
272218
272465
272663
272830
272960
273002
273066
273074
273240
273268
273489
273811
273829
274259
274387
274770
274790
274901
274993
275080
275091
275105
275161
275234
275327
275440
275476
275494
275572
275640
275973
275997
276016
276087
276196
276209
276595
276708
276724
276746
276905
276958
276982
277119
277214
277293
277421
277423
277583
277641
277698
277862
278046
278051
278110
278263
278329
278350
278449
278585
278685
278709
278795
278843
278846
278942
278947
278953
279065
279252
279563
279742
279779
279897
280004
280075
280138
280150
280199
280309
280354
280438
280477
280482
280536
280638
280721
280794
280838
281027
281070
281120
281287
281487
281618
281701
281736
281946
282555
282627
282628
282739
282751
282837
282879
282938
283024
283060
283062
283300
283386
283423
283535
283590
283625
283651
283823
283863
284084
284160
284301
284369
284421
284637
284646
284683
284710
284761
284847
284978
285067
285145
285213
285248
285332
285466
285903
286279
286329
286424
286446
286495
286594
286622
286636
286653
286655
286731
286763
286834
286936
287147
287290
287296
287330
287347
287358
287370
287386
287450
287598
287609
287633
287644
287789
287929
288110
288180
288187
288455
288496
288541
288622
288775
288787
288857
288952
288995
289315
289440
290100
290282
290298
290674
290775
290892
290957
291125
291127
291141
291554
291583
291736
291778
291798
291952
292162
292175
292177
292217
292275
292292
292410
292413
292430
292543
292652
292718
292859
292867
292959
292992
293276
293283
293292
293293
293347
293372
293406
293610
293959
293963
294064
294299
294310
294353
294398
294423
294542
294912
294961
295078
295138
295226
295254
295369
295396
295698
296177
296555
296574
296792
296792
297185
297202
297272
297295
297364
297415
297474
297594
297698
297875
298124
298749
298855
299069
299102
299264
299379
299391
299547
299735
299822
299842
299988
299994
300080
300105
300192
300345
300451
300570
300645
300804
300806
300842
301080
301241
301298
301374
301422
301717
301806
302038
302047
302087
302116
302185
302233
302454
302532
302797
302832
302888
302910
302944
303100
303148
303175
303261
303269
303564
303718
303754
303872
304090
304103
304109
304134
304141
304152
304238
304295
304413
304436
304881
304921
304963
304979
304996
305008
305293
305329
305494
305546
305726
305935
305951
306092
306227
306268
306648
306694
307009
307026
307084
307398
307451
307457
307472
307585
307636
307679
307741
307939
307960
307966
307999
308076
308173
308254
308405
308474
308626
308651
308900
309061
309100
309105
309322
309324
309434
309495
309498
309544
309633
309666
309678
309757
309776
309985
310130
310186
310300
310386
310421
310487
310489
310496
310527
310536
310614
310627
311227
311245
311297
311335
311547
311590
311621
311636
311739
311759
311766
311801
311994
312203
312384
312482
312527
312573
312715
312796
312864
312961
312979
313226
313234
313279
313365
313512
313609
313655
314021
314051
314081
314122
314150
314309
314365
314392
314515
314576
314732
314784
314791
314792
314954
315018
315137
315411
315643
315669
315687
315727
315803
315876
316082
316084
316094
316227
316265
316279
316307
316393
316401
316401
316531
316763
316833
316840
316937
317434
317438
317464
317491
317506
317604
317655
317692
317710
317916
317968
318025
318149
318170
318518
318545
318600
318804
318836
318913
318915
318945
319040
319088
319099
319392
319396
319731
320054
320079
320127
320675
320701
320792
320817
321021
321310
321323
321430
321450
321476
321598
321670
321686
321722
321830
321831
321864
321969
322511
322586
322715
323017
323234
323382
323703
323802
323855
323931
324103
324118
324184
324226
324276
324320
324324
324555
324635
324651
324749
324898
324918
324952
325018
325067
325213
325257
325775
326006
326076
326266
326496
326534
326814
326815
326820
326939
327065
327271
327476
327610
327623
327646
327829
327893
328036
328052
328057
328090
328562
328636
328656
329118
329125
329190
329256
329308
329311
329335
329356
329528
329544
329606
329679
329720
329835
329967
330151
330231
330267
330279
330286
330336
330338
330380
330652
330929
331054
331164
331186
331226
331279
331315
331454
331483
331540
331540
331542
331682
331864
332018
332162
332243
332308
332713
332778
332805
332858
332968
333011
333017
333250
333262
333294
333320
333326
333529
333593
333657
333956
333982
334110
334285
334302
334895
334917
335079
335103
335150
335201
335308
335334
335414
335891
335971
336050
336089
336243
336283
336303
336449
336521
336546
336659
336720
336724
336808
337002
337129
337196
337300
337357
337431
337461
337634
337697
337856
337958
337993
338143
338144
338217
338694
338715
338715
338730
338783
338870
338881
339434
339452
339532
339585
339712
339766
339825
339885
340204
340223
340341
340430
340461
340501
340571
340640
340649
340973
341410
341422
341454
341473
341687
341755
341875
342190
342225
342542
342643
342668
342858
343019
343024
343146
343363
343508
343514
343544
343912
344040
344093
344109
344210
344212
344305
344357
344368
344391
344502
344540
344681
344737
344738
344977
345131
345200
345389
345482
345530
345700
345748
345845
345959
346154
346304
346314
346525
346587
346773
346777
346796
346982
347069
347116
347267
347433
347464
347702
347869
347964
348088
348185
348200
348231
348246
348413
348470
348585
348671
348793
348796
348949
349013
349221
349226
349247
349375
349409
349504
349552
349577
349794
349950
350161
350220
350221
350340
350452
350487
350508
350563
350672
350710
350838
350969
351105
351427
351548
351599
351814
352118
352124
352287
352378
352384
352398
352599
352772
352882
352935
352959
353029
353075
353141
353230
353329
353450
353697
353744
353827
353933
353949
354059
354130
354201
354217
354358
354431
354545
354664
355260
355370
355448
355478
355706
355726
356142
356321
356360
356379
356573
356647
356731
356733
356759
356761
356837
357057
357074
357079
357388
357505
357681
357687
357846
357950
358109
358321
358350
358425
358485
358691
358696
358870
358963
359085
359254
359398
359952
360074
360098
360132
360226
360227
360249
360259
360346
360347
360399
360500
360553
360572
360839
360934
361033
361039
361115
361116
361519
361555
361563
361595
361652
361762
361767
361823
361828
361855
362023
362055
362163
362363
362374
362425
362491
362665
362681
362747
362938
363051
363093
363287
363292
363344
363404
363564
363639
363679
363679
363708
363760
363835
363919
363937
363955
363973
364022
364428
364666
364926
364992
365031
365208
365280
365334
365403
365479
365544
365571
365581
365630
365717
365739
366005
366077
366093
366488
366526
366532
366716
366796
366826
366936
366986
367013
367041
367044
367045
367048
367068
367094
367382
367526
367542
367816
367842
368084
368253
368335
368348
368416
368728
368773
368788
368793
368928
368972
369095
369100
369170
369281
369312
369449
369583
369740
369744
369837
369980
370126
370138
370167
370357
370561
370635
370681
370745
370765
371083
371201
371223
371246
371278
371295
371301
371377
371471
371584
371769
371877
371927
372091
372094
372151
372250
372262
372270
372299
372306
372388
372416
372837
373312
373419
373494
373507
373658
373763
373778
374146
374260
374368
374414
374442
374657
374659
374668
374835
374850
374854
374863
374868
374925
374957
375332
375349
375382
375522
375600
375654
375664
375676
375723
375891
376019
376021
376034
376136
376226
376338
376390
376803
377014
377049
377063
377111
377131
377161
377217
377270
377298
377308
377329
377451
377691
377744
377756
377762
377925
377932
377959
377976
378025
378043
378109
378141
378196
378205
378432
378458
378702
378728
378742
378812
378858
378901
379119
379129
379139
379246
379406
379828
379912
379976
380049
380083
380120
380251
380605
380664
380838
381032
381201
381209
381215
381264
381309
381552
381733
381809
381839
381906
382330
382562
382708
382764
382802
382972
382972
383095
383104
383234
383380
383463
383503
383567
383698
383889
383975
384065
384072
384085
384087
384144
384164
384299
384313
384320
384530
384669
384744
385141
385390
385414
385553
385570
385621
385707
385714
385735
385849
386094
386232
386491
386532
386629
386699
386820
386886
386929
387017
387026
387055
387056
387103
387129
387396
387575
387616
387876
387936
387966
387976
388167
388413
389017
389020
389233
389256
389352
389386
389470
389595
389617
389644
389703
389839
389870
389982
390009
390010
390140
390197
390317
390324
390354
390360
390377
390546
390569
390647
390744
390945
390975
391030
391062
391222
391348
391379
391572
391595
391619
391730
391776
391929
391974
392000
392107
392174
392182
392208
392249
392284
392299
392346
392433
392434
392572
392904
392935
392945
392954
393080
393218
393316
393360
393396
393494
393522
393562
393574
393612
393850
393975
394066
394104
394137
394253
394436
394563
394798
394901
395220
395272
395384
395446
395451
395545
395638
395704
395770
395782
395842
395906
396013
396018
396064
396239
396477
396524
396696
396720
396750
396794
397005
397007
397053
397096
397097
397366
397855
397865
397961
398060
398097
398174
398191
398351
398632
398640
398685
398779
398780
398793
399067
399132
399325
399398
399412
399416
399750
399793
399816
399909
399950
400051
400091
400328
400531
400546
400549
400584
400651
400718
400759
400890
400991
401002
401064
401139
401473
401525
401848
401962
401998
402163
402272
402370
402447
402545
402629
402762
402801
402870
402877
402922
402990
403098
403226
403286
403454
403463
403580
403829
403889
403889
403989
404108
404135
404277
404586
404607
404655
404665
404696
404744
404973
405106
405367
405388
405505
405588
405627
405718
405732
406071
406276
406296
406387
406403
406428
406514
406536
406618
406637
406737
406770
407055
407063
407108
407113
407196
407248
407253
407280
407288
407423
407626
407673
407710
407725
407941
407983
407988
408265
408390
408395
408456
408481
408546
408568
408699
408983
409137
409219
409258
409398
409438
409547
409927
409950
410131
410327
410377
410656
410679
410713
411047
411098
411105
411401
411510
411652
412060
412207
412227
412468
412491
412855
413029
413036
413123
413424
413676
413691
413720
413888
413911
413943
414006
414336
414408
414430
414514
414569
414576
414595
414845
414867
414975
414994
415049
415082
415189
415221
415286
415303
415317
415482
415609
415697
415717
416231
416272
416365
416419
416666
416971
416977
417020
417185
417333
417335
417456
417457
417622
417649
417735
417743
417750
417774
417812
418096
418332
418533
418535
418575
418663
418674
418827
418849
418904
418934
419019
419027
419045
419045
419270
419276
419305
419309
419359
419495
419787
419924
420007
420164
420203
420239
420534
420609
420900
420977
421049
421233
421305
421454
421531
421563
421743
421836
421928
421973
421997
422053
422091
422105
422109
422130
422178
422202
422378
422525
422531
422593
422771
422798
422856
423054
423151
423445
423535
423714
423739
423744
423760
423801
423919
424028
424281
424317
424379
424408
424514
424773
424832
424860
424879
425106
425299
425751
425753
425838
425845
425855
425942
426049
426123
426180
426217
426461
426581
426633
426635
426751
426806
426830
426943
427087
427216
427221
427291
427319
427943
427967
428065
428150
428182
428385
428412
428697
428793
428829
428902
428903
429155
429174
429365
429794
429835
429906
429998
430022
430040
430132
430260
430267
430521
430596
430772
430911
431097
431158
431185
431203
431220
431226
431362
431551
432052
432082
432129
432194
432263
432299
432554
432680
432805
432857
432995
433061
433265
433410
433525
433711
433733
433886
434060
434073
434181
434187
434265
434268
434286
434415
434433
434479
434576
434959
435043
435065
435119
435129
435202
435308
435355
435410
435444
435511
435513
435617
435734
435799
435805
435817
435869
435963
435976
436003
436104
436152
436266
436495
436517
436525
436828
436976
437008
437311
437318
437330
437358
437464
437513
437552
437714
437939
438005
438136
438320
438481
438556
438626
438775
438841
438861
438948
439038
439058
439406
439465
439482
439534
439678
439919
440085
440108
440189
440199
440242
440280
440311
440318
440461
440514
440626
440720
440795
440848
440870
440927
441259
441453
442052
442085
442446
442529
442755
442875
443099
443471
443849
443957
444264
444304
444416
444420
444429
444523
444552
444577
444740
444883
444988
445049
445059
445066
445100
445220
445228
445286
445313
445321
445326
445481
445501
445619
445710
445750
445953
445960
446025
446058
446077
446127
446256
446280
446307
446479
446516
446593
446603
446834
446924
446925
446989
447096
447163
447166
447272
447341
447640
447695
447721
447882
447894
447935
448178
448215
448248
448306
448441
448499
448595
448642
448649
448695
448766
448896
449062
449203
449258
449500
449678
449741
449750
449994
450010
450016
450128
450267
450293
450422
450492
450585
450695
450754
450861
451095
451153
451433
451687
451719
451860
451873
451894
452228
452316
452365
452389
452426
452753
452989
453087
453136
453221
453231
453259
453389
453489
453657
453722
453958
453997
454019
454114
454166
454216
454237
454458
454515
454541
454693
454702
455186
455343
455345
455354
455363
455385
455442
455468
455551
455586
455822
455834
455850
456019
456046
456256
456300
456387
456391
456438
456483
456543
456579
456581
456600
456602
456701
456714
456720
457038
457054
457220
457246
457346
457396
457460
457498
457703
457721
457773
457823
457937
458063
458089
458099
458299
458303
458427
458448
458448
458491
458720
458775
458793
458800
458860
458900
458983
459073
459107
459327
459741
459777
459797
459799
459850
459852
459947
460000
460029
460166
460192
460650
460681
460793
460818
460841
461021
461079
461123
461228
461240
461453
461455
461466
461547
461709
461777
461809
461829
461861
461875
461879
462056
462123
462145
462426
462482
462518
462525
462686
462721
462774
463112
463209
463716
463785
463833
464041
464099
464266
464312
464369
464391
464467
464517
464605
464696
464718
464785
464842
464950
464983
464988
465001
465142
465310
465355
465489
465506
465578
465732
465739
465789
465810
465868
466074
466157
466167
466391
466473
466479
466658
466749
466898
466904
466959
467214
467254
467357
467461
467465
467617
467938
468008
468030
468153
468163
468265
468393
468473
468479
468676
468722
469377
469509
469540
469663
469748
469784
469862
469913
470098
470103
470134
470187
470243
470375
470438
470481
470548
470586
470870
471028
471109
471148
471179
471216
471225
471337
471403
471453
471643
471651
471654
471750
472050
472256
472358
472375
472659
472659
472702
472811
472823
473047
473121
473208
473256
473477
473565
473925
474009
474052
474194
474297
474434
474740
474942
474996
475024
475073
475173
475187
475312
475461
475502
475512
475691
475786
475805
475813
475836
475846
475889
475971
476151
476223
476349
476400
476464
476487
476509
476638
476985
477043
477111
477111
477123
477139
477223
477303
477310
477502
477542
477573
477666
477775
477855
477899
478026
478116
478138
478189
478391
478396
478497
478541
478677
478734
478846
478926
479192
479268
479297
479452
479498
479533
479533
479546
479634
479701
479754
479924
480177
480187
480216
480275
480529
480552
480649
480804
480873
480956
481009
481022
481228
481230
481258
481659
481668
481705
481722
481727
481853
481950
482144
482220
482300
482452
482825
483177
483222
483345
483362
483526
483666
483749
483754
483758
483773
483846
483929
484030
484066
484140
484308
484463
484524
484676
484709
485043
485196
485267
485291
485298
485376
485531
485543
485645
485931
485966
485973
486031
486357
486458
486608
486846
486853
486854
486984
486995
487037
487102
487135
487155
487168
487223
487327
487526
488086
488107
488114
488239
488290
488385
488511
488559
488584
488593
488643
488829
488837
489054
489070
489352
489402
489506
489596
489630
489742
489862
489874
489908
490256
490320
490521
490575
490593
490620
490636
490674
490786
491032
491088
491125
491141
491167
491173
491372
491473
491559
491762
491962
492075
492198
492223
492248
492557
492602
492731
492853
492920
492989
493304
493471
493731
493758
494063
494081
494382
494427
494481
494518
494570
494639
494898
494898
494970
494994
495245
495336
495577
495826
496230
496314
496433
496481
496504
496670
496717
496816
497054
497227
497294
497311
497390
497459
497637
497707
497880
497920
498219
498311
498332
498360
498373
498498
498577
498658
498711
498992
499165
499259
499271
499348
499631
499845
499983
500007
500031
500050
500143
500303
500413
500528
500692
500817
500940
501375
501380
501392
501714
501834
501840
501885
502060
502071
502097
502126
502295
502318
502325
502448
502488
502594
502883
503328
503398
503557
503757
503950
504051
504091
504207
504216
504263
504311
504320
504395
504506
504584
504652
504661
504762
504813
504881
505165
505263
505297
505319
505425
505470
505620
506027
506085
506205
506220
506310
506344
506453
506470
506530
506653
506725
506908
506916
506980
507001
507105
507379
507428
507953
507973
508004
508024
508119
508180
508266
508533
508584
508637
508805
508810
508952
508981
509084
509131
509152
509168
509229
509285
509413
509598
509608
509637
510005
510054
510366
510369
510475
510476
510659
511004
511084
511208
511324
511465
511577
511598
511651
511788
511834
511894
511905
511911
511947
511980
512126
512200
512252
512306
512377
512378
512416
512479
512510
512544
512733
512913
513095
513101
514045
514108
514142
514173
514326
514333
514402
514418
514502
514552
514747
514889
514947
514961
515031
515067
515077
515156
515169
515244
515259
515463
515472
515495
515604
515703
515713
515755
515894
516131
516261
516275
516317
516440
516488
516763
517149
517190
517194
517268
517709
517746
517791
517960
517979
518012
518142
518212
518393
518429
518521
518531
518629
518636
518691
518782
518791
518898
518981
519032
519070
519253
519516
519520
519591
519631
519732
519895
520063
520098
520109
520120
520311
520358
520359
520422
520555
521064
521086
521098
521125
521307
521340
521347
521412
521644
521806
521843
521982
522022
522148
522159
522252
522424
522725
522784
522902
522962
522977
523106
523120
523128
523200
523431
523444
523488
523683
523720
523746
523769
523864
524054
524195
524245
524401
524601
524803
524851
524899
525263
525455
525489
525506
525517
525649
525675
525874
525913
525939
526175
526191
526277
526328
526526
526607
526658
526672
526676
526742
526789
526800
526820
526854
527002
527072
527101
527293
527295
527331
527404
527538
527539
527641
527800
527903
527911
528006
528089
528383
528411
528457
528475
528693
528780
528883
528900
529084
529236
529322
529328
529348
529382
529523
529528
529707
529785
529793
529796
529979
529994
530068
530112
530145
530408
530502
530970
531189
531260
531280
531434
531473
531586
531890
532089
532399
532477
532519
532583
532594
532682
532964
532995
533229
533485
533543
533623
534036
534392
534407
534471
534656
534666
534687
534930
535077
535125
535153
535242
535359
535472
535529
535703
535748
535838
535912
536163
536631
536635
536660
536739
536741
536916
536974
537160
537168
537198
537493
537570
537598
537617
537638
537683
537978
538021
538033
538044
538215
538344
538389
538455
538568
538770
538837
538861
539093
539129
539363
539406
539523
539865
539908
540053
540082
540146
540150
540209
540209
540257
540390
540406
540675
540686
540693
540724
540939
540963
541022
541205
541296
541473
541828
541960
542009
542095
542366
542462
542567
542659
542661
542790
542870
542949
543002
543267
543467
543499
543591
543632
543655
543753
543788
543831
543909
544011
544038
544104
544154
544175
544260
544302
544323
544344
544598
544646
544794
544855
544977
545022
545089
545213
545286
545337
545632
545737
545759
545823
545831
545846
545878
545938
546052
546129
546176
546227
546323
546348
546446
546556
546689
546736
546891
546938
546941
547141
547200
547251
547379
547549
547556
547667
547717
547830
547865
548077
548367
548669
548787
548816
548895
548925
549147
549240
549305
549328
549332
549386
549418
549641
549745
549776
549850
549880
549913
549978
549999
550060
550169
550192
550199
550258
550657
550670
550756
551034
551187
551256
551307
551313
551330
551412
551480
551551
551874
551980
552220
552284
552445
552632
552687
552855
552864
552916
552963
553217
553484
553498
553508
553540
553578
553830
553839
553839
553873
553913
554008
554293
554329
554380
554415
554581
554749
554751
554841
554948
555035
555115
555189
555193
555223
555267
555286
555455
555459
555476
555498
555521
555655
555707
555712
555714
555867
555879
555990
556181
556214
556307
556441
556569
556682
556714
556734
556789
556812
556844
557209
557443
557530
557679
557783
557848
558226
558237
558238
558278
558536
558756
558806
558828
558838
558840
558983
559058
559116
559133
559197
559242
559288
559457
559523
559753
559844
559999
560168
560230
560279
560329
560501
560635
560725
560757
560791
560974
561009
561012
561096
561142
561220
561473
561485
561500
561562
561637
561775
561899
562022
562022
562112
562140
562300
562476
562719
562910
562937
563169
563240
563253
563389
563404
563598
563720
563724
563795
563865
563875
564000
564198
564253
564308
564430
564606
564811
564934
565221
565280
565379
565450
565545
565546
565607
565671
565686
565694
565846
565897
566102
566118
566748
567162
567181
567323
567397
567451
567556
567636
567754
567808
567886
568085
568153
568352
568480
568495
568532
568679
568779
568842
568877
568972
569080
569130
569197
569357
569637
569707
569741
569761
570032
570046
570135
570188
570241
570273
570482
570578
570584
570678
570758
570821
570852
570894
570919
571082
571256
571270
571279
571306
571397
571418
571533
571850
572011
572193
572289
572290
572634
572717
572728
573064
573563
573671
573689
573711
573787
573835
573864
573866
573898
574026
574027
574281
574369
574436
574496
574659
574691
574708
574806
574990
575056
575119
575132
575177
575304
575396
575534
575549
575661
575728
575775
575880
575915
576038
576062
576134
576177
576525
576620
576870
577077
577081
577168
577191
577191
577243
577362
577445
577446
577462
577525
577838
577928
578244
578343
578485
578544
578574
579167
579180
579193
579319
579354
579546
579582
579682
579875
579934
579938
580101
580676
580776
580896
581007
581523
581548
581583
581721
581746
582051
582097
582177
582420
582506
582744
582800
582832
582944
583005
583073
583121
583288
583325
583341
583383
583452
583493
583493
583503
583565
583653
583665
583724
583935
584517
584585
584825
584987
585210
585259
585328
585497
585827
585891
586198
586351
586353
586451
586525
586568
586941
586943
587023
587134
587315
587437
587602
587728
588185
588360
588412
588432
588497
588530
588620
588673
588717
588746
588760
588819
588860
588886
588948
588954
588977
589006
589048
589185
589196
589265
589301
589345
589367
589453
589590
589743
589790
589878
590220
590295
590326
590331
590510
590513
590725
590742
590746
590762
590794
590881
590923
591059
591083
591107
591244
591283
591354
591797
591839
591891
592038
592188
592288
592297
592491
592759
592792
592802
592893
592904
593016
593213
593442
593451
593485
593541
593609
593994
594216
594235
594244
594631
594680
594752
595089
595094
595209
595381
595554
595605
595672
595942
595978
596051
596163
596237
596341
596344
596362
596391
596600
596631
596735
596965
597025
597234
597350
597487
597560
597594
597602
597653
597663
597663
597715
597747
597884
597944
597984
598191
598302
598409
598495
598616
598679
598707
598841
598876
599047
599080
599265
599324
599374
599400
599433
599454
599467
599519
599537
599620
599671
599759
599831
600276
600373
600438
600450
600455
600580
600698
601100
601105
601224
601244
601260
601339
601416
601447
601505
601965
602119
602200
602235
602269
602456
602505
602673
602704
602766
602870
602922
603031
603138
603138
603197
603317
603332
603341
603610
603849
603898
603933
604068
604161
604182
604495
604618
604705
604720
604820
604822
604851
604912
604939
605193
605205
605294
605606
605839
606006
606220
606395
606482
606604
606637
606662
606702
606706
606957
607106
607136
607159
607208
607280
607479
607594
607615
607728
607880
608015
608169
608287
608483
608494
608500
608783
609060
609166
609204
609448
609563
609660
609674
609797
609867
609983
610014
610410
610598
610735
610903
610961
610962
611084
611117
611169
611240
611417
611431
611725
611803
611848
611999
612029
612104
612221
612252
612302
612378
612386
612500
612822
612838
612960
612979
613066
613077
613172
613217
613235
613307
613462
613490
613579
613893
613976
614074
614158
614209
614339
614366
614368
614461
614531
614558
614564
614928
614951
615076
615168
615186
615421
615515
615639
615674
615859
615919
616033
616241
616283
616418
616551
616553
616612
616667
616822
617027
617056
617058
617229
617246
617250
617258
617294
617592
617683
617773
617801
617856
617908
617919
617936
618024
618044
618268
618375
618592
618599
618622
618657
618803
618910
619030
619156
619264
619352
619359
619719
619781
619935
619944
620207
620291
620472
620529
620691
621013
621295
621402
621454
621503
621599
621886
621894
621903
621905
621910
622075
622292
622374
622447
622589
622733
622763
622914
622961
623091
623439
623481
623575
623603
623808
623873
623896
623933
623972
623976
624109
624297
624375
624526
624608
624640
624874
624887
625009
625172
625335
625447
625743
625900
626120
626276
626336
626381
626452
626490
626587
626702
626856
626962
626997
627003
627072
627127
627173
627174
627283
627402
627498
627507
627589
627798
627809
628083
628131
628185
628325
628336
628385
628602
628639
628681
628741
629002
629003
629111
629211
629277
629407
629417
629457
629591
629620
629690
629773
629809
629854
629944
630117
630269
630346
630423
630519
630520
630545
630582
630597
630943
630983
630985
631055
631092
631166
631375
631381
631547
631597
631711
631813
631815
631880
631974
632076
632076
632222
632433
632625
632708
632855
632936
632949
632975
633119
633180
633222
633478
633563
633826
633831
633856
634150
634274
634369
634505
634531
634585
634637
634756
634776
634812
634818
634818
635095
635364
635584
635825
636091
636253
636376
636443
636569
636630
636694
636706
636777
636957
637070
637115
637137
637174
637196
637273
637300
637552
637806
637915
637966
638035
638181
638357
638453
638469
638528
638769
638791
638803
638891
638993
639098
639144
639157
639163
639289
639313
639608
639629
639732
639738
640050
640109
640211
640214
640241
640386
640882
640961
641110
641137
641226
641257
641456
641550
641578
641599
641638
641833
641919
641936
642037
642087
642121
642217
642269
642282
642451
642452
642706
642846
643091
643199
643238
643246
643411
643466
643526
643668
643812
643867
644100
644116
644162
644180
644316
644350
644395
644531
644644
644774
644923
644972
645294
645462
645784
645843
645936
646213
646236
646611
646623
646660
646717
646736
646776
647231
647242
647514
647517
647568
647800
647995
648136
648703
648825
648913
649046
649163
649177
649195
649230
649429
649523
649678
649794
649890
650121
650291
650412
650476
650548
650821
650834
650856
650931
651131
651153
651163
651246
651603
651636
651756
651760
651802
651867
651893
651992
652074
652295
652330
652354
652367
652399
652502
652596
652904
653010
653115
653231
653439
653571
653700
653703
653751
653950
654181
654189
654318
654350
654423
654552
654774
654819
654866
654933
655138
655152
655188
655253
655377
655397
655528
655830
655839
656051
656104
656143
656210
656433
656576
656586
656633
656737
656992
657109
657122
657202
657220
657305
657451
657608
658003
658162
658462
658639
658751
658884
658912
658927
659316
659397
659490
659757
659848
659929
659941
659966
660164
660167
660313
660347
660351
660392
660398
660444
660475
660521
660667
660775
661103
661113
661152
661236
661279
661571
661663
661692
661825
662119
662313
662512
662604
662663
662839
662854
662949
662963
663089
663169
663356
663399
663405
663472
663533
663626
663687
664037
664196
664247
664563
664694
664746
664857
664941
665219
665284
665390
665393
665461
665659
665911
666148
666190
666600
666636
666677
666686
666858
666954
666955
667013
667355
667577
667715
667764
668075
668105
668247
668422
668565
668590
668598
668993
669279
669675
669697
669713
669732
669812
669886
670197
670263
670323
670327
670341
670527
670567
670591
670604
671235
671418
671451
671640
672076
672093
672133
672144
672248
672426
672544
672569
672626
672636
672637
672657
672779
672876
672993
672995
673090
673090
673127
673196
673497
673532
673590
673689
673730
673737
673766
673966
674045
674089
674090
674172
674197
674350
674356
674388
674471
674536
674603
674641
674707
674767
674814
674821
674859
674946
675136
675310
675347
675356
675403
675420
675486
675556
675609
675612
675674
675689
675811
675842
675923
675960
675964
675976
676269
676288
676326
676371
676585
676844
676914
677035
677344
677578
677642
677644
677744
677995
678146
678158
678285
678358
678401
678474
678558
678691
678721
678798
678810
678895
678945
678950
678959
679006
679105
679134
679190
679220
679257
679302
679484
679700
679861
680088
680157
680352
680361
680394
680402
680584
680678
680951
681048
681053
681200
681635
681663
681676
681708
681734
681878
681878
682110
682320
682322
682328
682497
682555
682584
682676
682763
682792
682802
682964
683051
683143
683164
683458
683497
683842
684238
684298
684381
684443
684498
684822
684875
685036
685096
685200
685229
685273
685405
685447
685448
685542
685548
685844
685882
685902
686571
686616
686722
686790
686792
686884
687023
687036
687155
687419
687610
687745
687763
688068
688138
688149
688178
688466
688716
688748
688848
688886
688956
689206
689274
689310
689409
689417
689804
689848
689850
689856
690005
690152
690170
690217
690636
690657
690663
690760
690981
691019
691147
691230
691461
691528
691533
692028
692077
692136
692196
692232
692245
692287
692320
692442
692537
692573
692595
692850
693094
693215
693231
693342
693385
693513
693523
693554
693584
693717
693768
693779
693880
694118
694209
694273
694465
694601
694620
694694
694812
694938
694971
695013
695075
695375
695601
695621
695872
696259
696418
696471
696690
696703
696782
696964
697035
697087
697380
697573
697754
698214
698248
698306
698308
698403
698669
698691
698834
698949
699080
699107
699141
699207
699464
699620
699644
699709
699829
699839
699887
700021
700066
700456
700465
700482
700699
700866
700917
700955
701088
701380
701458
701492
701521
701550
701551
701739
701842
701947
701990
702009
702095
702214
702381
702409
702431
702469
702502
702546
702573
702699
702700
702708
702887
702958
703019
703043
703194
703374
703488
703788
703807
703845
703917
703955
704297
704338
704449
704472
704481
704538
704543
704558
704930
704955
704999
705083
705180
705301
705329
705436
705497
705591
705618
705639
705911
705919
705935
705961
706337
706394
706507
706550
706575
706588
706590
706741
706763
706840
707066
707097
707103
707323
707343
707551
707554
707594
707706
707855
707879
707920
708105
708228
708249
708261
708286
708388
708411
708509
708513
708523
708705
708716
708739
708876
709069
709104
709112
709219
709221
709287
709360
709422
709655
709916
710014
710121
710205
710388
710488
710644
710664
710739
710767
710878
710926
711272
711410
711446
711566
711608
711777
711879
711924
711987
712222
712321
712330
712562
712623
712700
712712
712746
712854
712859
712955
712981
713071
713146
713282
713398
713458
713494
713508
713692
713739
713762
713785
713829
714060
714101
714136
714342
714343
714412
714641
714699
714699
714700
714855
714940
715015
715021
715075
715183
715204
715498
715530
715624
715663
715868
716017
716059
716076
716092
716476
716568
716590
716655
716738
716962
716971
716982
717132
717289
717388
717444
717469
717600
717687
717729
717763
718015
718031
718111
718140
718146
718341
718605
718679
718721
719118
719169
719289
719768
719782
719824
719996
720109
720139
720342
720384
720451
720460
720544
720584
720595
720688
720728
720742
720758
720767
720907
721441
721716
721804
721828
721867
721889
721893
721911
722016
722217
722269
722274
722290
722392
722411
722771
722933
722959
723101
723252
723338
723477
723812
723817
723870
723965
723995
724000
724042
724069
724095
724132
724154
724219
724227
724338
724389
724400
724405
724433
724443
724472
724517
724734
724796
724910
724954
725170
725190
725208
725252
725274
725313
725343
725352
725496
725665
725748
726193
726320
726396
726533
726709
726777
726825
727058
727176
727393
727404
727518
727585
727598
727842
727908
728173
728194
728205
728342
728449
728559
728615
728653
728856
729071
729112
729251
729262
729364
729389
729512
730254
730264
730304
730343
730455
730505
730508
730537
730711
730734
730991
731231
731343
731445
731452
731465
731473
731538
731577
731681
731870
731952
731954
732052
732444
732567
732659
732748
732760
732806
732818
732849
732873
732907
732929
732968
733018
733123
733156
733175
733300
733405
733521
733529
733546
733549
733555
733610
733647
733711
733833
733901
733902
733905
733912
733917
733947
734109
734325
734341
734376
734383
734430
734490
734599
734614
734634
734757
734795
734843
734856
734919
735019
735098
735117
735152
735154
735238
735244
735339
735572
735800
735813
735819
735825
735847
735923
735928
735939
735973
736047
736061
736527
736547
736551
736601
736700
737092
737113
737392
737666
737701
737706
737771
737800
738016
738076
738114
738282
738296
738424
738623
738640
738711
738760
738847
739164
739267
739305
739416
739634
739821
739826
739889
739913
739915
740256
740466
740668
740784
740939
741011
741036
741042
741070
741117
741297
741391
741425
741538
741550
741562
741576
741723
741741
741746
741760
741771
741781
741887
742051
742157
742275
742356
742412
742497
742538
742659
742738
743103
743161
743294
743371
743978
743996
744087
744137
744175
744195
744357
744535
744652
744886
744934
745027
745057
745211
745268
745338
745375
745776
745929
746110
746165
746197
746236
746446
746635
746693
746821
746839
746854
746869
746883
747056
747076
747263
747339
747572
747624
747634
747647
747698
747731
747856
747872
747895
747994
748017
748259
748475
748494
748627
748856
748937
749014
749059
749372
749451
749517
749672
749896
749941
750312
750430
750510
750774
751119
751340
751445
751614
751776
751868
752027
752031
752184
752212
752311
752445
752461
752534
752547
752550
752595
752604
752664
752731
752751
752762
752762
752771
752773
752782
752820
752831
752891
752902
753008
753156
753209
753360
753518
753562
753597
753616
753650
753670
753751
753788
753876
753962
753968
754079
754081
754162
754400
754470
754622
754665
754799
754828
755194
755467
755822
756011
756124
756127
756305
756579
756621
756647
756690
756764
756767
757233
757286
757324
757779
757829
757879
757932
757981
758267
758320
758603
758603
758844
759123
759240
759299
759302
759305
759455
759636
759686
759771
760117
760566
760604
760621
760704
760737
760803
760877
761060
761199
761210
761321
761676
761745
761768
761820
761989
762183
762398
762511
762530
762636
762666
762804
762859
762945
762951
763014
763058
763333
763437
763451
763730
763773
763961
764219
764259
764309
764494
764742
764927
765113
765138
765334
765352
765355
765360
765389
765530
765703
765803
766014
766046
766081
766188
766441
766639
767015
767058
767093
767122
767172
767188
767188
767232
767577
767587
767640
767694
767870
767920
768032
768039
768359
768431
768439
768571
768796
769087
769107
769202
769229
769368
769370
769676
769824
769844
769940
769949
770141
770279
770300
770462
770503
770547
770573
770640
770898
770997
771005
771035
771053
771060
771097
771229
771282
771298
771343
771384
771476
771517
771798
771929
771972
772002
772051
772053
772057
772103
772210
772224
772228
772337
772378
772459
772575
772664
773000
773091
773431
773445
773547
773603
773640
773951
774146
774187
774304
774551
774627
774727
774973
774976
774984
775028
775075
775078
775089
775335
775383
775653
775654
775742
775746
775947
775986
776174
776304
776452
776523
776555
776601
776805
776843
776902
776960
777157
777215
777283
777284
777310
777365
777469
777675
777824
777913
777993
778129
778245
778672
778837
778859
779022
779126
779221
779333
779370
779587
779630
779677
779699
779941
780033
780117
780144
780183
780563
780573
780593
780846
780909
781054
781362
781410
781524
781670
781695
782010
782219
782293
782386
782441
782491
782507
782550
782915
783227
783230
783317
783447
783522
783760
783827
784150
784329
784402
784466
784593
784666
784916
784936
784992
785005
785143
785576
785604
785672
785674
785687
785842
785912
785961
786239
786371
786453
786729
786782
786881
786887
787031
787036
787056
787100
787112
787115
787222
787287
787347
787443
787662
787668
787694
787755
787810
787811
787858
788164
788354
788355
788622
788643
788853
788865
788939
789004
789309
789347
789352
789581
790006
790094
790410
790476
790482
790769
790814
790864
790979
790984
791010
791051
791115
791152
791313
791351
791388
791761
791773
792260
792606
792663
792859
793213
793282
793338
793397
793741
793890
794196
794206
794434
794441
794472
794495
794506
794524
794636
794777
794813
794836
794890
794909
794932
794948
795420
795444
795724
795754
795776
795847
795955
795977
796183
796288
796315
796336
796782
796847
796859
796970
797007
797013
797148
797152
797210
797290
797427
797581
797837
797846
797957
798447
798451
798553
798558
798570
798693
798728
798882
798943
798979
799234
799273
799398
799593
799658
799678
799766
799920
800138
800401
800410
800419
800492
800494
800782
800838
800928
800952
801009
801045
801193
801217
801240
801252
801268
801399
801675
801745
801868
801922
802480
802625
802726
802731
802804
803066
803084
803185
803342
803349
803429
803534
803635
803675
803709
803719
803767
803805
803909
803926
803972
804059
804304
804474
804595
804703
804799
804810
804873
804886
804911
805789
805857
805860
805913
806165
806216
806236
806260
806372
806545
806565
806679
806694
806726
806830
806859
806890
806893
806980
807003
807101
807149
807172
807352
807418
807451
807618
807905
807918
807985
808011
808179
808293
808557
808650
808825
808891
808931
808943
809134
809340
809405
809412
809452
809567
809724
809870
810088
810149
810175
810313
810347
810386
810520
810593
810896
810917
811009
811022
811050
811136
811140
811295
811302
811480
811488
811495
811529
811565
811575
811631
811659
811697
811890
811940
812008
812039
812054
812187
812541
812581
812599
812600
812818
813178
813517
813619
813678
813769
813785
813905
813951
813987
814069
814110
814153
814330
814342
815156
815286
815367
815514
815580
815606
816340
816391
816551
816600
816637
816646
816765
816839
816912
816977
816988
817012
817123
817123
817126
817299
817452
817666
817883
817960
818025
818085
818111
818180
818246
818416
818444
818553
818554
818809
819026
819110
819143
819167
819240
819254
819480
819712
819779
819808
819878
819892
819949
819976
820026
820027
820068
820097
820327
820432
820668
820780
820859
820862
821367
821509
821567
821610
821633
821706
821856
821939
822018
822147
822174
822215
822233
822259
822307
822469
822788
823100
823133
823236
823584
823597
823693
823814
823845
824324
824379
824543
824573
824589
825132
825361
825473
825487
825755
825777
825797
825886
825931
826169
826198
826263
826334
826387
826665
826752
826780
826941
827050
827224
827396
827421
827660
827747
828157
828350
828418
828522
828575
828607
828622
828654
828684
828712
828776
828788
828854
828994
829171
829176
829304
829408
829459
829532
829590
829720
829797
829822
829864
830110
830155
830409
830463
830778
830779
830966
831108
831157
831339
831373
831403
831412
831683
831696
831745
831877
831901
832041
832142
832150
832379
832582
832712
832911
832964
833192
833213
833252
833352
833404
833497
833649
833722
834033
834539
834563
834670
834676
834750
834880
834940
835007
835051
835145
835251
835342
835385
835484
835519
835563
835690
835805
835899
835936
835981
835984
835997
836004
836052
836174
836225
836244
836389
836424
836459
836659
836738
836765
836871
836876
836891
837059
837137
837404
837545
837784
838136
838170
838403
838636
838966
838989
839218
839406
839456
839560
839575
839602
839845
839903
839924
840014
840049
840155
840307
840428
840446
840468
840542
840565
840691
840720
840762
840798
840958
840981
841045
841055
841185
841227
841280
841297
841376
841504
841569
841572
841703
841742
842064
842089
842356
842451
842470
842522
842585
842718
842762
842808
842851
842905
843036
843055
843238
843537
843565
843815
843819
843866
844003
844222
844434
844570
844577
844687
844816
845006
845139
845179
845569
845585
845675
845769
845909
846235
846259
846292
846450
846473
846619
846622
846647
846666
846742
846768
846770
846819
846834
847105
847307
847384
847486
847562
847562
847634
847807
847824
847846
847851
847900
848152
848157
848437
848665
848684
848715
848804
848864
848894
848910
848922
849033
849042
849102
849219
849219
849275
849493
849684
849737
849797
849843
849868
850029
850109
850133
850136
850255
850312
850341
850410
850588
850744
850979
851310
851388
851462
851801
851814
851978
852098
852129
852231
852272
852398
852451
852664
853195
853255
853355
853377
853425
853447
853458
853464
853567
853660
853720
854111
854167
854278
854533
854571
854713
854730
854786
854945
855078
855097
855167
855489
855619
855723
855728
856070
856162
856209
856294
856466
856547
856644
856836
857084
857107
857299
857363
857456
857469
857840
857909
858233
858356
858509
858821
859209
859316
859318
859417
859576
859686
859941
859943
859977
860156
860218
860389
860818
860892
861114
861204
861254
861302
861367
861734
861825
861959
862244
862459
862505
862526
862626
862683
862740
862763
862766
862805
863117
863233
863411
863526
863678
863690
863739
863748
863921
863935
864046
864149
864186
864298
864321
864551
864595
864687
864750
864823
864855
864994
865217
865307
865641
865804
865870
865879
865991
865991
866008
866044
866114
866144
866160
866198
866303
866336
866394
866436
866537
866565
866644
866686
866715
866806
866942
867029
867108
867206
867334
867368
867625
867634
867662
867991
868013
868114
868199
868217
868578
868770
868807
868958
868998
869252
869282
869373
869425
869433
869585
869680
869682
869736
869885
869887
870046
870181
870361
870821
871045
871187
871296
871332
871448
871488
871504
871547
871622
871802
871900
871979
872014
872031
872078
872083
872159
872198
872287
872302
872543
872558
872723
872785
872798
872947
872986
873217
873253
873366
873504
873836
873916
873933
874456
874561
874677
874750
874779
874781
874836
874905
874983
875042
875067
875139
875196
875529
875666
875675
875689
875717
875727
875762
876005
876010
876105
876143
876432
876516
876534
876853
876992
877067
877203
877447
877563
877595
877704
877782
877800
877920
878028
878126
878323
878417
878498
878587
878636
878748
879045
879108
879394
879497
879628
879648
879730
879771
880021
880036
880103
880173
880186
880431
880557
880563
880717
880765
880769
880781
880822
881145
881156
881354
881370
881660
881874
881902
881960
882030
882058
882272
882287
882308
882364
882434
882489
882523
882669
882960
883044
883062
883083
883212
883283
883296
883365
883468
883476
883604
883710
883734
883784
884061
884129
884180
884203
884234
884397
884403
884521
884635
884686
884826
884928
885336
885447
885559
885573
885583
885836
885876
885915
885934
885944
885948
886022
886133
886264
886291
886296
886313
886441
886515
886574
886909
887161
887234
887329
887371
887410
887543
887594
887643
887658
887792
888082
888086
888300
888327
888416
888507
888510
888786
888844
888851
888911
889056
889061
889132
889484
889639
889641
889657
889894
889947
890064
890066
890186
890224
890343
890695
890780
890808
890947
891038
891154
891376
891441
891471
891683
891815
891948
892029
892055
892189
892197
892267
892318
892610
892815
893160
893181
893256
893330
893351
893367
893383
893384
893603
893617
893777
893946
894326
894444
894548
894590
894649
894720
894792
894815
895114
895157
895281
895293
895357
895434
895603
895776
895841
895888
896286
896329
896340
896400
896519
896532
896544
896814
896838
896896
897026
897188
897192
897198
897490
897556
897591
897603
897719
897732
897775
897831
897908
897921
898091
898230
898320
898416
898584
898827
898891
898955
899066
899082
899182
899263
899526
899564
899642
899835
900144
900178
900185
900459
900506
900613
900709
900865
900935
900954
900969
901125
901152
901200
901300
901383
901409
901427
901660
901701
901796
901806
902530
902686
902740
902823
902889
902951
903210
903459
903466
903484
903701
903964
903979
903980
904024
904290
904345
904356
904379
904753
904862
905147
905331
905395
905486
905657
906024
906036
906098
906132
906154
906187
906323
906351
906622
906660
906722
906794
906838
906926
906933
907024
907407
907531
907775
907790
907877
908018
908143
908168
908343
908472
908480
908717
908868
908915
908993
909012
909088
909159
909186
909247
909477
909702
909743
909929
910121
910125
910220
910237
910610
910948
910991
911058
911217
911279
911372
911470
911485
911602
911612
911691
911798
911957
911980
912057
912128
912442
912559
912784
912787
912824
912954
913032
913202
913247
913404
913595
913684
913750
913799
913955
914009
914039
914223
914453
914471
914526
914603
914627
914635
914658
914726
914865
914909
915054
915056
915106
915253
915318
915451
915460
915646
915666
915766
915951
915967
916025
916113
916237
916392
916435
916439
916673
916674
916841
916878
917168
917224
917244
917262
917332
917571
917634
917641
917706
917886
917963
918020
918099
918231
918443
918619
918789
918800
918835
918895
918941
918943
919107
919332
919353
919361
919577
919627
919727
919854
920043
920067
920217
920231
920254
920269
920272
920275
920364
920550
920795
920915
920948
921008
921317
921431
921480
921500
921740
921820
922528
922578
922600
922805
922902
922988
923155
923209
923366
923438
923698
923747
923811
923842
923986
924296
924373
924522
924586
924619
924747
924915
924952
924968
924999
925061
925081
925110
925195
925304
925330
925570
925580
925662
925698
925705
925867
925986
926027
926062
926124
926176
926234
926279
926298
926301
926349
926385
926408
926595
926801
926970
927299
927302
927383
927449
927508
927966
928025
928202
928261
928267
928343
928386
928413
928477
928512
928557
928577
928865
928869
928901
928902
928959
929027
929055
929426
929642
929698
929776
929842
930180
930424
930646
930771
930884
930897
930947
931127
931181
931405
931424
931442
931463
931463
931570
931593
931782
931815
931911
931952
932046
932223
932274
932409
932508
932671
932848
932977
933043
933265
933448
933551
933850
934073
934178
934200
934454
934456
934478
934487
934498
934596
934715
934903
935039
935062
935252
935270
935390
935398
935476
935506
935520
935654
935834
935840
936013
936120
936270
936309
936375
936492
936506
936548
936570
936584
936712
936769
936795
936894
936911
937036
937134
937154
937497
937594
937856
938156
938260
938277
938330
938399
938435
938528
938536
938670
938793
938847
939148
939157
939293
939311
939400
939427
939516
939731
939735
939781
939874
940106
940151
940254
940261
940562
940643
940764
940796
940957
941058
941536
941537
941560
941734
941867
942025
942101
942255
942271
942346
942463
942554
942605
942698
942745
942767
942793
942913
943067
943095
943098
943310
943333
943338
943502
943555
943560
943711
943826
943901
943921
943956
943958
944102
944254
944296
944327
944356
944657
944658
944844
944854
944891
944905
944933
944967
945019
945142
945293
945296
945382
945459
945503
945684
945732
945793
946042
946211
946239
946261
946333
946349
946486
946498
946672
946710
946841
946867
946960
947041
947193
947228
947296
947361
947362
947474
947480
947488
947514
947630
947633
947633
947704
947960
948061
948169
948198
948251
948258
948296
948403
948426
948580
948616
948676
948690
948704
948936
948979
949042
949143
949201
949263
949292
949374
949411
949458
949493
949502
949535
949724
949800
950233
950251
950251
950560
950637
950754
950839
951063
951175
951196
951587
951590
951607
951680
951682
951929
952036
952225
952274
952381
952499
952693
953056
953117
953147
953465
953476
953604
953670
953743
953749
953815
953848
954215
954218
954372
954405
954449
954458
954612
954629
954992
955351
955438
955503
955549
955627
955652
955661
955676
955822
955839
956178
956193
956253
956302
956314
956314
956449
956511
956620
956663
956667
956686
956747
956748
957049
957091
957120
957199
957444
957622
957642
957738
957971
957972
958045
958050
958077
958111
958167
958181
958188
958247
958290
958375
958450
958717
958773
958791
959049
959103
959376
959553
959554
959638
959688
959711
959724
959959
959987
960103
960108
960135
960337
960387
960391
960635
960641
960683
960708
960777
960895
960947
960962
961078
961093
961496
961545
961604
961651
961653
961678
961782
961926
961975
961977
961989
961998
962111
962143
962256
962381
962448
962460
962561
962773
962786
962831
963044
963066
963104
963520
963550
963578
963626
963797
963860
963916
963944
964146
964298
964500
964594
964644
964672
964672
964691
964706
964771
964956
965062
965089
965134
965145
965219
965282
965312
965347
965484
965729
965759
966045
966082
966297
966419
966529
966840
966909
966939
967027
967049
967170
967179
967183
967527
967570
967640
967679
967741
968150
968150
968207
968384
968425
968479
968503
968562
968564
968651
968715
968943
968969
969009
969024
969121
969272
969570
969699
969723
970056
970083
970104
970128
970156
970232
970851
970884
971130
971169
971653
971656
971704
971890
971967
972033
972041
972048
972252
972382
972410
972587
972764
972768
972812
972848
973220
973231
973272
973299
973393
973508
973547
973607
973648
973656
973729
974012
974070
974183
974207
974236
974296
974416
974426
974445
974627
974629
975009
975057
975265
975336
975418
975428
975471
975726
975767
975796
975806
975855
975885
976132
976160
976289
976441
976484
976520
976666
977007
977193
977213
977378
977481
977663
977704
977708
977924
977957
978009
978039
978446
978450
978586
978603
978673
978776
978777
978871
978879
979102
979244
979588
979793
980062
980183
980191
980432
980911
980925
981102
981137
981232
981342
981357
981437
981462
981489
981502
981547
981841
981843
981848
981937
981945
981968
981971
981975
982208
982471
982504
982551
982739
982843
983021
983066
983068
983218
983289
983305
983345
983404
983788
983961
984341
984727
984735
984791
984794
984830
984845
985387
985400
985441
985460
985599
985702
985807
985875
985959
986020
986047
986089
986427
986652
986687
986861
987240
987462
987480
987676
987840
987849
987891
987969
988038
988061
988065
988115
988209
988246
988304
988436
988494
988507
988725
988769
988895
988903
988973
989077
989164
989171
989184
989242
989298
989371
989409
989464
989554
989638
989703
989729
989788
989788
989857
989986
990101
990160
990189
990448
990481
990505
990819
990862
990965
990982
991162
991261
991276
991330
991428
991474
991492
991499
991683
991692
991746
991769
991806
992055
992172
992209
992219
992254
992295
992373
992403
992498
992505
992570
992748
992821
993053
993070
993230
993342
993473
993568
993594
993636
993826
994073
994400
994429
994727
994811
994887
994890
995182
995187
995363
995364
995423
995441
995452
995662
995797
995828
996045
996053
996183
996205
996304
996528
996766
996806
996951
997024
997188
997284
997287
997314
997333
997411
997624
997656
997813
997837
997953
997998
998012
998077
998218
998560
998672
998695
998706
998729
998740
999031
999118
999215
999294
999300
999417
999486
999512
999599
